0	0	0.5092645395597394	0.013934692478200537	0.001320989388819049	0.05609855413349237	0.0016592827513795011	0.020499207890107795	6.482837721263416E-4	0.0013319143714096999	0.0014463662685086226	0.001270664708054815	0.318583734985375	0.07114557022896868	0.0027961994638182512
1	1	0.04130307382671666	0.6376075014012034	0.0034946954724176136	0.22676728456689935	0.004389655184051517	0.0019924056071318613	0.0017150435745113143	0.003523597663092984	0.02994564615966383	0.0033615608420366266	0.03312042503477622	0.005381726790768137	0.00739738387673057
2	2	0.07978762896584687	0.33096561346940656	0.1556149438777695	0.09360434438671081	0.023066687033499567	0.010469659838083758	0.009012182443349425	0.01851574238036607	0.02010680700667902	0.1549153502369122	0.03678958222302134	0.028279808408065543	0.038871649730289434
3	3	0.5251668043745208	0.0646728921049368	0.030408199721488817	0.018290914278424508	0.00450738475848869	0.2166040598400989	0.0017610406612305644	0.03043787706248143	0.003929004425826677	0.0034517171551829286	0.08764826204769335	0.005526063504757931	0.0075957800648685375
4	4	0.15373699935293594	0.13721557937824136	0.013007845320079994	0.1635239190068419	0.016339036145867077	0.007416069341945304	0.006383681127731278	0.013115424143094462	0.01424243741561094	0.012512295795833793	0.41494071009603345	0.02003169380615975	0.027534309069624775
5	5	0.6333364638166665	0.005254943988817566	0.02725646826222654	0.008711573438550665	0.002146771492209978	0.14148497519149203	8.38746211100024E-4	0.0272706029485294	0.0018713012414231216	0.03996504794055599	0.016197624025883123	0.09204777295346009	0.0036177084890849464
6	6	0.06260297702092733	0.15199231860209333	0.014408659564570263	0.18113380207533525	0.018098586172114715	0.008214705497026879	0.007071139445075005	0.014527823545923869	0.01577620482421096	0.013859744335602551	0.24424575047566102	0.12987885844836788	0.13818942999309097
7	7	0.17817675234343916	0.7231214915230348	0.0012829883982103962	0.06407378567580134	0.02078959489827845	7.314609523647932E-4	6.296345492447415E-4	0.0012935991010919585	0.0014047585527680706	0.0012341114109229543	0.0025702977237204456	0.001975763865375358	0.002715761005747463
8	8	0.0924807053005318	0.38361753270015886	0.021285297638821022	0.267581232823707	0.026736268685434914	0.01213523372773859	0.010445892420425035	0.021461333501114233	0.023305513867510796	0.020474408605410246	0.042642281213210224	0.03277872348432997	0.04505557603160738
9	9	0.05651669664450376	0.03999527666980916	0.013007845320079994	0.3579645244237063	0.016339036145867077	0.10463637205037751	0.006383681127731278	0.11033572685152665	0.20868304283247532	0.012512295795833793	0.026059499262304667	0.02003169380615975	0.027534309069624775
10	10	0.07311638524443723	8.957124425516684E-4	2.9131662221449847E-4	0.47178018163674545	3.6592015842215776E-4	0.09814426998960285	0.0894119772973765	2.9372589896796723E-4	3.189658746642949E-4	0.0024575115368058445	0.002760907330436066	0.04617177132013084	0.21399135464764465
11	11	0.07015832355074236	0.2910224667021486	0.016147593098099676	0.08230754522169133	0.02028284476071721	0.009206111171706964	0.007924531909946545	0.016281138586784764	0.017680182878360172	0.015532431103120223	0.2737229633989613	0.024866811734628007	0.15486705588309294
12	12	0.239377741557554	0.002932497563524334	9.537494895398608E-4	0.011989753140712617	0.001197996055475714	5.437543401868379E-4	4.68058503706247E-4	9.616372868660606E-4	0.06519896441537855	0.07932870704014183	0.20150309016537038	0.25808751888205916	0.1374565315594845
13	13	0.5504709354861756	0.0026155431952335838	8.506649820794599E-4	0.023409556176372324	0.0010685125436388713	4.8498351099912504E-4	4.174691394692198E-4	0.03900478994993912	0.0327206441652584	0.04532319587145177	0.027135588026481076	0.2746974749591713	0.0018006419937301827
14	14	0.014797314418994746	0.010471643236342722	0.0034057400475049136	0.0173597452741316	0.004277919084239821	0.638302036898631	0.001671388145556611	0.003433906549857016	0.258273122139674	0.02873040815344337	0.006822950155976329	0.00524473808968808	0.007209087805959717
15	15	0.1161861706258052	0.03150352505515079	0.8323686016996839	0.00629808136578094	0.0015520206110925929	7.044413372512425E-4	6.063763245537501E-4	0.001245814527343026	0.0013528678328320976	0.0011885242675182723	0.0024753528671322207	0.0019027806404675717	0.0026154428453884528
16	16	0.031790916466494866	0.022497537456267907	0.007316976195210184	0.0372961063246123	0.00919078722034288	0.004171575038125387	0.3863991001916064	0.007377489805861017	0.008011440247596304	0.44453336836878965	0.014658594953234575	0.011267925096184092	0.01548818263567462
17	17	0.03569501541912616	0.02526035848133548	0.008215541014197228	0.16468175896971662	0.01031946631327228	0.004683867338799783	0.004031827934290858	0.06968622911595362	0.07039803214989736	0.3763190186170744	0.01645875083311567	0.012651688115809632	0.20159844569741103
18	18	0.0977726380619403	9.673212633547232E-4	3.14606283947545E-4	0.10036070270712757	0.1579362476697491	1.7936421903519216E-4	1.5439499379665594E-4	0.0026685674804131734	3.4446598951818404E-4	0.005005339593190208	0.0029816314254545767	0.5812702331598598	0.0500444871526129
19	19	0.4069727759785822	0.010745154855148011	0.0034946954724176136	0.017813169051547596	0.004389655184051517	0.18482725668306466	0.0017150435745113143	0.003523597663092984	0.08218417503850177	0.13395788303913148	0.007001160595357249	0.135978048987863	0.00739738387673057
20	20	0.0924807053005318	0.06544599409940148	0.021285297638821022	0.10849546352332828	0.026736268685434914	0.01213523372773859	0.010445892420425035	0.33963287210187165	0.023305513867510796	0.020474408605410246	0.2017280505135889	0.03277872348432997	0.04505557603160738
21	21	0.34817760476980036	0.03999527666980916	0.11022814802851219	0.06630361629840972	0.016339036145867077	0.007416069341945304	0.006383681127731278	0.013115424143094462	0.11146274012404313	0.012512295795833793	0.026059499262304667	0.21447229922302413	0.027534309069624775
22	22	0.0017926343401865044	0.19245790448663874	0.028165878112297267	0.11619990724346159	5.182524637783889E-4	2.3522784169779237E-4	0.031039466956559954	4.1600378473834155E-4	4.5175114461797256E-4	3.9687335689964103E-4	0.24135505633930746	0.3521770087171117	0.03479403521270458
23	23	0.02608677543404268	0.1007245603565084	5.303412234601206E-4	0.018558283265337695	6.661567851196581E-4	3.02359629230906E-4	2.602682593583814E-4	5.347273061057851E-4	0.274079890214077	5.101372362118931E-4	0.01295373871890046	0.11576565450848392	0.4490271070631632
24	24	0.19158028537629612	0.11644625202949067	7.633107330474655E-4	0.43176311397636913	0.21204248769135994	4.3518086096800947E-4	0.011784529228638374	7.696235441422281E-4	8.357575814120906E-4	0.0178491260885478	0.0015291921909659774	0.0011754757615205207	0.013025664937241777
25	25	5.240543149507408E-4	0.055361189707222154	1.206159926698875E-4	0.17279764442824055	1.5150465088639375E-4	6.876592882040446E-5	0.3967107624167194	1.2161352348370472E-4	1.3206381876872564E-4	1.1602098125075736E-4	0.0939956455082072	0.006496110907373632	0.27340400782140645
26	26	0.01420957933341112	0.003696677177214119	0.04613160176568474	0.0600434778853402	0.0015101818776439926	6.854512973453408E-4	5.900298809361707E-4	0.010198093306134286	0.41466609276715755	0.0011564845190313734	0.02038034919148611	0.11866770441146293	0.3080642765871521
27	27	0.024964705592728433	0.4471109274773656	0.005745860039453103	0.07223222052508235	0.0072173225129602125	0.30388672110599724	0.0028198166101975524	0.00579338004334614	0.006291207344266557	0.0055269645852966155	0.054455482086789804	0.008848453078212472	0.055106938998304045
28	28	0.02608490653318033	0.42230202850177206	0.0060036847430528575	0.030601994395298152	0.007541173777159282	0.2726511534850737	0.0029463456896979033	0.006053337035382205	0.05144488851420844	0.09551773910035705	0.012027589065129934	0.05411688140852012	0.012708277751168062
29	29	0.008390248604711223	0.034803437733532956	0.0019310940399365035	0.009843176568408675	0.07459036658647819	0.0011009607628005168	0.2607407493939303	0.0019470647728930162	0.5794322722469264	0.001857526688140893	0.003868691737245902	0.0029738272224988428	0.018520583642496497
30	30	0.023157425901214508	0.006024494167168037	0.0019593735756652762	0.03927593890186068	0.017105459232180105	0.0011170835712105195	0.26455911721338415	0.001975578188952792	0.6318505805935558	0.0018847288809176656	0.0039253460502645734	0.003017376864023612	0.004147496859602246
31	31	0.08664614543924473	0.04998272132633543	7.950613109624157E-4	0.2595701066490499	9.98669278296391E-4	0.4698924444417053	3.901812914660988E-4	8.01636708959011E-4	0.12565814695181296	7.647724933528006E-4	0.0015928002783465321	0.0012243707044807578	0.0016829431259877234
32	32	0.6039780278718195	0.0026837958629324908	0.007396619608358438	0.05011545515937652	0.046762690916398404	4.976391683310302E-4	0.0852371975263624	0.04654637745948285	0.07271702923437362	0.05302966234783255	0.02784369190171471	0.0013441831496338655	0.001847629793383703
33	33	0.1679007529775552	0.015076938969981106	0.0049035412766588625	0.02499434082361951	0.006159293579421779	0.0027956207376372373	0.0024064434298382334	0.15153986261228822	0.005368942974734676	0.041365676860415944	0.009823597001458368	0.007551307307465118	0.5601136814489258
34	34	0.07978762896584687	0.1937145372212679	0.018363867629630874	0.09360434438671081	0.023066687033499567	0.010469659838083758	0.009012182443349425	0.01851574238036607	0.15735788325481764	0.017664273988773536	0.03678958222302134	0.3027819609043428	0.038871649730289434
35	35	0.01559103577355153	0.01103333751536109	0.0035884224267009575	0.07193046886800022	0.00450738475848869	0.0020458414817960246	0.0017610406612305644	0.003618099767693573	0.003929004425826677	0.0034517171551829286	0.16810759393205693	0.24690405915784863	0.4635319940762621
36	36	0.3138164523718604	0.03636792160392079	0.013549452806124424	0.2061603839147502	0.0828760444816622	3.298128883231526E-4	0.22943749719312428	5.832787854006957E-4	6.334001482748037E-4	5.564560181007027E-4	0.00115893721102954	0.03980373925064424	0.07472662332678465
37	37	0.4445341837467611	0.02206494824752422	0.0012242896916831686	0.006240451970177636	0.0015378191416947702	6.979954807838519E-4	0.2019076432564036	0.001234414938472251	0.010490798466827609	0.12928198601513652	0.0024527026215490494	0.17574125568988094	0.0025915107331052336
38	38	0.013747509991854489	0.009728726169254225	0.003164117758600248	0.03977668271368061	0.003974419525710615	0.001803935711599904	0.0015528105020064596	0.0031902859713959465	0.28724684932557404	0.0030435768841240688	0.006338891827749776	0.4305462783135884	0.19588591530486113
39	39	0.04069224653890843	0.0987957633150444	0.009365700405919913	0.047738867644849525	0.0117641710597114	0.6353306437115249	0.07459528073964745	0.009443157586689094	0.010254611628780963	0.009008902776014092	0.018762943194156584	0.014422899273102674	0.019824812125650588
40	40	0.3516147322624341	0.005061001022099448	0.0016460123279989928	0.06990132734464835	0.0020675411078422148	9.384291757600849E-4	0.2468528702962758	0.001659625348799608	0.0018022375720182344	0.038490067430941216	0.003297568197633699	0.24857988938118925	0.028088698532358965
41	41	0.014080493025023729	0.857711063958379	0.0032407569121042376	0.04074012703685328	0.0040706852690737625	0.0018476294412459822	0.0015904216440388366	0.05171022724317047	0.003548341509612087	0.003117296376829286	0.006492428244816319	0.004990668982145355	0.006859860356707573
42	42	0.5706287238136585	0.0309642232092151	0.010070634822384962	0.05133206082286884	0.0126496327659102	0.0057414986358214634	0.004942226777611848	0.23595692209245558	0.011026452318884735	0.00968698186739584	0.020175186148605487	0.01550847724828457	0.02131697947690295
43	43	0.015183809387297695	0.8726808813559741	0.0034946954724176136	0.04393243349096656	0.004389655184051517	0.0019924056071318613	0.0017150435745113143	0.02964286210251195	0.0038263817202448622	0.0033615608420366266	0.007001160595357249	0.005381726790768137	0.00739738387673057
44	44	0.21287885413979135	0.05053951707185223	0.0015328660809757562	0.29422837375384053	0.26542726105951886	8.739219193269315E-4	7.522635787618792E-4	0.024458746993503283	0.0016783524625026643	0.13895369157548282	0.003070894642691977	0.0023605680436985382	0.0032446886780532064
45	45	0.007721577844106232	0.032029736705427254	0.001777193222294575	0.10203758932697392	0.002232316235528735	0.001013218395995712	8.721686454850961E-4	0.0017918911488472996	0.719211486403229	0.09468836523465782	0.003560371785315288	0.002736824553750797	0.030327260498388246
46	46	0.2589719137140289	0.002444578353981183	7.950613109624157E-4	0.3962422676945684	9.98669278296391E-4	0.05987596130514991	0.053870592135364624	8.01636708959011E-4	8.705216493830629E-4	0.05424518333725133	0.0015928002783465321	0.15572333536463207	0.013567478869076286
47	47	0.01447857525507375	0.08644198228622504	7.504665766891387E-4	0.04308805558967727	9.426542383511029E-4	4.278581144371064E-4	3.6829614780306216E-4	0.4999548224874897	0.3261418366254904	0.006330844619098974	0.012721396560791444	0.001155696143833088	0.007197515355039996
48	48	0.0559824817500704	0.022255065367280672	8.728631069090446E-4	0.10230550717097167	0.0010963954062526487	0.431065568263991	4.2836300752028704E-4	0.04002262095803345	9.55707718430291E-4	0.05955341884928195	0.03436744840316411	0.24924693020471084	0.001847629793383703
49	49	0.3812328524252633	0.09221168710347134	8.561079867750453E-4	0.09394316369476101	0.03946652442895009	4.8808669213771714E-4	4.2014032793267147E-4	0.09684112570088159	9.373623473078996E-4	8.234935225720578E-4	0.07849744918000413	0.001318380764384743	0.21296362582555856
50	50	0.2600214812749659	0.0197100082376182	0.6521456549350102	0.026690345492459473	5.166592424426046E-4	2.34504699904252E-4	2.0185938913435007E-4	4.1472489818799116E-4	4.503623628709009E-4	3.9565328146534993E-4	8.240315418300608E-4	0.01600451808473259	0.02239019655937812
51	51	0.01559103577355153	0.38651021964239113	0.0035884224267009575	0.018290914278424508	0.00450738475848869	0.0020458414817960246	0.0017610406612305644	0.003618099767693573	0.003929004425826677	0.08391104903954649	0.22174714852163266	0.16644472727348508	0.08805511194923211
52	52	0.06790911633949456	0.01766682000970428	0.005745860039453103	0.029287809778316232	0.0072173225129602125	0.0032758458786343206	0.0028198166101975524	0.00579338004334614	0.13512443958456494	0.5208598935464902	0.011511071340023682	0.008848453078212472	0.1839401712386024
53	53	0.1275352467110604	0.40738670413881434	0.18033190446071506	0.18847916495325903	0.0024977288297714493	0.0011336856123943637	9.758656661540899E-4	0.0020049391349913743	0.03190112609543058	0.0019127396290011492	0.033707586145716055	0.0030622209708162803	0.019071087651875783
54	54	0.0349187156509182	0.031166159215747054	0.002954508373877183	0.015059726246097959	0.00371113108483284	0.001684432619921137	0.001449943390618963	0.002978943053536038	0.00323492473760331	0.06908771252889598	0.7787861637126261	0.0045498547712495944	0.050417784614075555
55	55	0.675600696085716	0.0017864232236974077	5.810065313936336E-4	0.029016075297862168	7.297970174023453E-4	0.0046736730093766	2.851325748639315E-4	5.858116314907696E-4	0.013663434439835255	5.588723882568301E-4	0.00116396981234656	0.27012526453457975	0.0012298434531788065
56	56	0.013126657548939085	0.07703099119853446	0.0030212227731619447	0.015399783021290957	0.0037949304347283095	0.0017224680207909696	0.02406322551152493	0.0030462092011216573	0.0033079710902583904	0.09322829211049588	0.7512104938629464	0.004652592956248708	0.006395162269958348
57	57	0.026672878514061835	0.00693905279952206	0.0022568196297085823	0.09584052622854002	0.07030441900529055	0.2542978458652861	0.001107548292923241	0.002275484212008405	0.120542902122625	0.0021708433695138848	0.021388652016384426	0.323956264832456	0.07224676311167988
58	58	0.0532254922230695	0.06556183349405609	0.6410523822862587	0.18847916495325903	0.0024977288297714493	0.0011336856123943637	9.758656661540899E-4	0.03172884093018774	0.002177224300234216	0.0019127396290011492	0.0039836843505196865	0.0030622209708162803	0.004209136754277597
59	59	0.004832868919634062	0.19463116400859856	0.233891034279341	0.14699969793200618	0.001397187462367686	6.34164647908947E-4	5.458828266118649E-4	0.22558670842818596	0.0012179026236918834	0.0426375801333089	0.1435583336278378	0.0017129548638053745	0.0023545202467018015
60	60	0.041255780203580825	0.017824383777819048	9.889988897770062E-4	0.1380926698211931	0.06776804381501386	5.638508273442548E-4	4.8535736647103945E-4	0.5479868534147059	0.16370141819244732	0.015734826521924712	0.0019813285908911417	0.0015230287912528077	0.002093459787579054
61	61	0.016020707583033405	0.03889630504915748	0.14148181979890828	0.10147169440855017	0.004631603328270708	0.002102222624406676	0.001809573006257038	0.0037178106205612215	0.004037283469350588	0.0035468426861244326	0.0625048509348213	0.5292974724392419	0.09048181405131683
62	62	0.19585159441227595	0.022497537456267907	0.007316976195210184	0.09198299897320598	0.06387767986893657	0.004171575038125387	0.3863991001916064	0.007377489805861017	0.008011440247596304	0.0070382271800400915	0.014658594953234575	0.12064171039337147	0.07017507528426832
63	63	0.01985002089010825	0.08233951085433763	0.03871477228768107	0.12572573610278856	0.005738661812804949	0.002604701620939866	0.002242102091322048	0.004606451874932314	0.005002285997078534	0.07268682807455047	0.009152721858396403	0.4509349726681225	0.18040123386693746
64	64	0.14218851966150461	0.00888797574469365	0.024495520162246005	0.27399248496984746	0.025235796157958543	0.001648040716816238	0.0014186175906107296	0.3485920791246482	0.00316503469497993	0.0027805528753286585	0.005791088764665647	0.15568546022647697	0.0061188293102234234
65	65	0.07315456885257164	0.12501837673826482	0.03213173148662313	0.04766755816136043	0.20314228764984907	0.0021617994409189084	0.0018608561566273239	0.003823173068190154	0.004151699751274704	0.0036473599165336664	0.007596397544079549	0.4592779657362632	0.03636622549744333
66	66	0.28126888360512114	0.008519836285843085	0.0027709450161725936	0.22122378740938262	0.003480558821495566	0.0015797789623875486	0.0013598585292535785	0.0027938615712316765	0.023743911204023978	0.0026653825305580836	0.4404606356469762	0.004267172675553649	0.005865387742000257
67	67	0.016474733120095588	0.7484965697955014	0.003791813620385101	0.01932764029512241	0.004762862586182895	0.0021617994409189084	0.0018608561566273239	0.003823173068190154	0.08917145334998877	0.0036473599165336664	0.03593631541031757	0.005839279876454841	0.06470614336368136
68	68	0.03444240654612651	0.03671476909803733	3.662819060819627E-4	0.2181359579718115	0.6082031948490609	2.0882566999859035E-4	1.7975512729040402E-4	3.69311168452339E-4	4.010462144556741E-4	3.523279559977998E-4	0.09928673439562043	5.640632102262204E-4	7.753258868402668E-4
69	69	0.05069131682663386	0.2505311060167353	7.903647518904559E-4	0.11035763523023466	0.4853803745398213	4.506049742458784E-4	3.8787642584268435E-4	7.969013079201653E-4	0.0835657020644623	7.602548553516589E-4	0.013397723161540427	0.001217138143594843	0.001673001701726515
70	70	0.22817773667584618	0.15246757329190494	0.045892297313086354	0.009987323076913296	0.14890423044444331	0.0304056993961579	0.015605882701331411	0.001975578188952792	0.22180995904429243	0.0018847288809176656	0.0039253460502645734	0.13481614807628683	0.004147496859602246
71	71	0.18864126079253069	0.016939368798241636	0.005509267780953894	0.5633714927007175	0.006920141129854165	0.0031409592351032004	0.0027037074854052053	0.005554831095166405	0.006032159796284775	0.0876516381284153	0.011037090013054057	0.008484108056993017	0.09401397498728022
72	72	0.1484350130070748	0.6089756534620427	0.0018769152031822638	0.2199872583209979	0.0023575761083338177	0.0010700721720809504	9.211078288585347E-4	0.0018924378607391315	0.0020550557496610586	0.0018054118593846828	0.0037601515969161157	0.002890393429896813	0.003972953400831201
73	73	0.15383733312096565	0.22320920254735885	0.024620144057695536	0.33532376873604464	0.0013203501150874139	5.992892066409032E-4	5.158623823605019E-4	0.15033009593570054	0.07971421147197819	0.0010111129595741645	0.017818513649813437	0.0016187521091352156	0.010081363707644937
74	74	0.007778827436725201	0.021700411755142937	6.58174574073885E-4	0.06730418759740564	8.267270936473391E-4	3.7524033845193585E-4	3.2300327255445815E-4	0.06461295666282921	0.8074661474875281	6.331006214685465E-4	0.025914465321898193	0.0010135692126116544	0.0013931886256629894
75	75	0.005469455276052298	0.06032208471014061	0.1612047771390513	0.01582517759660497	0.0015812252442095392	7.176969284848864E-4	6.177866099345144E-4	0.0012692572290331806	0.001378324974593743	0.0012108889287446608	0.6987571608378265	0.04898150645161175	0.0026646580737120893
76	76	0.03956670625578445	0.03772353636083644	1.1364921647681138E-4	0.17980508421596358	1.427537467021997E-4	0.0026130280087921574	5.577406100336422E-5	0.4749355240906382	0.24815254495515957	1.093196127822549E-4	0.01636649650844809	1.7501640354372316E-4	2.40566563869163E-4
77	77	0.018338885464996072	0.09939983575184795	6.851370743073797E-4	0.008612979066923253	8.605944448540731E-4	3.9061227488287913E-4	3.362352875163298E-4	0.6458986181388261	0.11852619403640914	6.590359528024717E-4	0.03209676325129622	0.06762415091314244	0.0065709583421957
78	78	0.05365946028326782	0.19401359046831246	0.2415937713986477	0.3162522801366826	0.057812286800379385	5.399057305708029E-4	0.007542591904680987	0.008032677213102765	0.0010368799458888712	0.02922230691904024	0.023130726097399152	0.008536196456665077	0.0586273266453622
79	79	0.0649777011714178	0.02380773333127435	0.01119403024189286	0.02647943157427093	0.0016592827513795011	0.05011833044932923	6.482837721263416E-4	0.0013319143714096999	0.4358601638037563	0.001270664708054815	0.0026464276870130097	0.0020342842574519915	0.37797175188062315
80	80	0.30690485340481305	0.26902577141760536	0.0023356110581593866	0.30866213427697214	0.002933739798015863	0.0013315851424206308	0.0011462156772941135	0.0023549272694513897	0.020013584263997082	0.002246633143661251	0.004679088131004994	0.03850936580256656	0.03985649061403814
81	81	0.39858905074103945	0.002134308434231742	2.0232945926132234E-4	0.040348649226649776	2.54144192746609E-4	0.4688989632673638	9.929444261431568E-5	2.040027852083096E-4	0.0017337380159548402	1.946214749787015E-4	0.07904001050586265	0.007872607310213211	4.2828014387528437E-4
82	82	0.2686323917810685	0.17653647328388866	0.248452567918771	0.22823749137094734	0.0013856676792576132	6.289359728766025E-4	0.008786362338785405	0.0011122822161965748	0.0012078610405457367	0.0010611325982030698	0.0022100328038350712	0.05116871341665721	0.01058008757896722
83	83	0.13914532103559205	0.5386258372221879	8.244561465907148E-4	0.2630049126318489	0.0010355918638602888	4.700412560311843E-4	4.046069901760511E-4	0.006993238768827542	0.019388598748521522	7.930474973370064E-4	0.00781365306738096	0.007431601994625649	0.014069092777020266
84	84	0.1338451276370572	0.021331010760710912	0.006937581424602091	0.035362254508494034	0.00871423290116218	0.003955273424939865	0.0034046613042027695	0.006994957325518872	0.007596036609004867	0.006673285909873468	0.06574983351474452	0.6847506445389454	0.01468510014074391
85	85	0.017464625208015148	0.49304298662402	0.004019646525132213	0.020488950652433127	0.005049041424743843	0.0022916921770643143	0.0019726665739963852	0.004052890220107613	0.00440115658345801	0.0038665132525453802	0.008052830663254245	0.006190135754162498	0.4291068643410672
86	86	0.04731645624587521	0.7660305559742487	0.01089032410744292	0.05551018275644565	0.013679237018373711	0.006208822195354843	0.005344494400793875	0.010980390388283164	0.011923939416510605	0.010475444102527771	0.021817325318750195	0.016770774298290547	0.023052053777102795
87	87	0.05651669664450376	0.03999527666980916	0.013007845320079994	0.06630361629840972	0.016339036145867077	0.4935175828841063	0.006383681127731278	0.11033572685152665	0.01424243741561094	0.012512295795833793	0.12327980197073685	0.02003169380615975	0.027534309069624775
88	88	0.023936755723014302	0.8404618941458236	0.005509267780953894	0.028081851224789303	0.04809626739723326	0.0031409592351032004	0.0027037074854052053	0.005554831095166405	0.006032159796284775	0.00529938559365711	0.011037090013054057	0.008484108056993017	0.011661722452522021
89	89	0.04586095763002883	0.8245648340190265	0.0379099732564692	0.012116592395607934	0.0029858618906330237	0.001355242661116673	0.0011665798417409981	0.0023967659278518504	0.0026027209150740168	0.002286547801692577	0.004762218838470271	0.003660673163745418	0.05833103165854273
90	90	0.01695524332327941	0.011998748829642407	0.003902407529244478	0.019891359798046848	0.00490177858878762	0.00222485155114287	0.0019151308063833296	0.003934681622192897	0.03343928418481621	0.0037537406173196674	0.8828127750679106	0.00600959119739879	0.00826040688383489
91	91	0.017464625208015148	0.04240195922304827	0.004019646525132213	0.020488950652433127	0.005049041424743843	0.0022916921770643143	0.0019726665739963852	0.004052890220107613	0.06448662690358757	0.0038665132525453802	0.8192066799850033	0.006190135754162498	0.008508572100160318
92	92	0.05843636230646735	0.6430741319448744	0.002183170748311757	0.02744502474010375	0.0027422609118975985	0.001244675444425337	0.0010714046455563963	0.0022012262320420593	0.0023903784205078086	0.002100000230900695	0.004373694113451027	0.0033620178346706253	0.24937565242679124
93	93	0.3328263068830375	0.06851628683871394	3.755344108654934E-4	0.10576335376058477	0.43832229780505594	2.1410073403670745E-4	1.8429585165462216E-4	3.7864019425453603E-4	0.042512195391588466	3.612279754749064E-4	7.52333569635279E-4	0.00899851549255218	7.949110925456763E-4
94	94	0.013747509991854489	0.8374274537785291	0.003164117758600248	0.03977668271368061	0.003974419525710615	0.001803935711599904	0.0015528105020064596	0.0031902859713959465	0.0034644284309655413	0.0030435768841240688	0.006338891827749776	0.004872646971675618	0.07764323993210759
95	95	0.2324006196722236	0.01894465751408816	0.0010511580923181477	0.17819719563352876	0.0248893360804648	5.992892066409032E-4	0.008372191037486298	0.0010598514883104228	0.0011509249207202394	0.0010111129595741645	0.4027786177509774	0.0016187521091352156	0.12792629353453186
96	96	0.017062566803606932	0.01593927678696602	0.02071440406767755	0.16975799179070075	0.0011108897547728342	5.042179587035093E-4	4.3402596696789637E-4	0.047161720622544576	9.683421755571279E-4	8.507099858393351E-4	0.3322718117527273	0.39135198687257833	0.001872055461357918
97	97	0.07978762896584687	0.33096561346940656	0.1556149438777695	0.09360434438671081	0.023066687033499567	0.010469659838083758	0.009012182443349425	0.01851574238036607	0.02010680700667902	0.017664273988773536	0.03678958222302134	0.028279808408065543	0.17612272597842807
98	98	0.40364270701007793	0.0056134674390011475	0.0018256934877250576	0.44595189216127173	0.00229323697762347	0.0010408695036684009	8.959704528943978E-4	0.029131165245387163	0.0019989725122940413	0.08362725965447707	0.0036575356583555215	0.016456699875497537	0.0038645300217264424
99	99	0.009333186313847637	0.19926475575295297	0.16269805520335348	0.027004395045615415	0.002698233930713971	0.1778296209602209	0.001054203250909626	0.40354072367731336	0.0023520009104449086	0.002066284740791659	0.004303474482780434	0.003308040660104972	0.004547025070950682
100	100	0.4292906251173931	0.07378198760657428	0.0025810015237344333	0.08578010819069386	3.825799302908248E-4	0.12082399862629646	0.14356404228630174	3.0709877924279486E-4	3.3348789151275293E-4	0.05265067584974904	6.101854064205721E-4	4.690438255690049E-4	0.08942516496622113
101	101	0.09027745452704665	0.003206806478210363	0.0010429642226097875	0.20798848436438389	0.0013100578699042124	5.946176946079103E-4	5.118411897545596E-4	0.0010515898528163027	0.016732129125462198	0.655790613402306	0.009884528887149113	0.009401221677006754	0.0022076907087423933
102	102	0.0015367372794553268	0.34209940727323507	0.002997197542988532	0.49349443092670575	4.4427235571921646E-4	2.0164926298645223E-4	1.7357774518999777E-4	3.5661959054929585E-4	0.050613823183395024	3.4022001536956203E-4	7.085800547087831E-4	0.10364130026342216	0.003392184506274767
103	103	0.25780650648853337	0.34282931082369605	0.004019646525132213	0.0505316858124979	0.005049041424743843	0.0022916921770643143	0.0019726665739963852	0.004052890220107613	0.00440115658345801	0.2742511296931284	0.008052830663254245	0.03623287091422728	0.008508572100160318
104	104	0.25780650648853337	0.04240195922304827	0.004019646525132213	0.2307880967728866	0.005049041424743843	0.032334427337129094	0.06205813689412594	0.004052890220107613	0.3048285081841058	0.0038665132525453802	0.03809556582331902	0.006190135754162498	0.008508572100160318
105	105	0.07489299902456367	0.2789477454334959	0.008024845244393269	0.25255166391279504	0.036578748059083524	5.399057305708029E-4	4.647456575823671E-4	9.548309660041455E-4	0.02227041868718473	0.022144460671941615	0.19299903602776602	0.0014583502095664566	0.10817225037505254
106	106	0.5755241785639931	0.012742029480054507	0.06609066107241392	0.08307007318086254	0.005205426679882694	0.0023626733466886245	0.002033766481786102	0.06612493443288085	0.06648398773963439	0.003986271759285644	0.008302253052956043	0.09930163392327551	0.008772110286286092
107	107	0.27002747018909923	0.02269931987410213	8.902871567908584E-4	0.25738934290178567	0.001118281596764683	5.075730166326835E-4	4.369139685489733E-4	0.04082155052494247	0.014282752316172749	0.10066612165484273	0.2812508756423215	0.001371015666742364	0.008538495491254093
108	108	0.41686522735171094	0.0017942144707317482	5.835405140213808E-4	0.22976550031262932	0.035623914758748494	0.009055423465527348	2.863761426248255E-4	0.004949733424525882	0.005000291982701383	0.009284043542972515	0.1407327856270031	0.00962136869345716	0.1364375797133459
109	109	0.09460286919596438	0.3449174159871397	0.0049035412766588625	0.17159010838680114	0.07945717736101258	0.0027956207376372373	0.0024064434298382334	0.004944095049106594	0.005368942974734676	0.004716734969620536	0.009823597001458368	0.08084919108905592	0.19362426254097184
110	110	0.11558910705066601	0.008519836285843085	0.0027709450161725936	0.13838389913215504	0.003480558821495566	0.0015797789623875486	0.0013598585292535785	0.0027938615712316765	0.0030339391347170867	0.20976510322362701	0.1505210266766797	0.33562672578446395	0.02657535981130715
111	111	0.06612203815213538	0.13583406944152523	0.10296172574792878	0.29850212430552947	0.10345626136019027	0.0011009607628005168	0.145277170299082	0.0019470647728930162	0.0021143767726848864	0.001857526688140893	0.11933227083209423	0.0029738272224988428	0.018520583642496497
112	112	0.08932912399276187	0.20300676375704563	0.0026088569523261204	0.2862772915503561	0.022775491511592978	0.0014873688597603664	0.0012803128021368856	0.3536039735700602	0.002856467074714397	0.0025094694065997034	0.00522650017368002	0.023516091924079708	0.005522288424886113
113	113	0.2686323917810685	0.14355655206257678	0.0011031587589318433	0.318932274729555	0.10857041164852124	6.289359728766025E-4	5.413820334574333E-4	0.025847223132180488	0.0012078610405457367	0.0010611325982030698	0.12588473738375464	0.0016988315846893835	0.002335107273639249
114	114	0.07978762896584687	0.05646346097312929	0.018363867629630874	0.09360434438671081	0.023066687033499567	0.010469659838083758	0.558016487435904	0.01851574238036607	0.02010680700667902	0.017664273988773536	0.03678958222302134	0.028279808408065543	0.038871649730289434
115	115	0.25169517679355224	0.3027765949296046	8.728631069090446E-4	0.16101931568401623	0.007620151907702042	4.976391683310302E-4	0.15699851904230575	0.007403838450786481	9.55707718430291E-4	0.02041087984058558	0.08655750041475926	0.0013441831496338655	0.001847629793383703
116	116	0.15494262793798136	0.6993627923962604	9.605969117888068E-4	0.012075833294165379	0.0012065970402567088	0.0292655650586038	4.714189188333185E-4	9.685413393722166E-4	0.0010517684567375443	0.09425719906830304	0.001924428980985039	0.0014792905923006231	0.0020333400044118483
117	117	0.44483540422081647	0.011029885032987146	4.326017272857427E-4	0.04747061761931632	0.09754101393468906	0.00994639879704015	0.042244606957300104	4.3617947467666416E-4	0.023106440135411896	0.09741374808515262	0.08169801609843425	0.003899447984795258	0.13994563993209427
118	118	0.0686872038070226	0.4117625379736533	0.038315295347817704	0.3941947471432607	7.916774590077404E-4	3.5933177942944655E-4	3.0930933802948447E-4	6.354833643011554E-4	0.005400718750338485	0.06184442474324726	0.005973292396189327	9.705982844093927E-4	0.01075537961329349
119	119	0.10997638275617001	0.07782719296467598	0.025312091128618604	0.3182027643902346	0.03179428734746343	0.014431000552389696	0.2016039871031286	0.025521429793450987	0.02771449574366359	0.024347796550399686	0.050709429875782724	0.038979865350903656	0.05357927644311856
120	120	0.1381672865792079	0.001643672625302223	0.008525440202669295	0.162542079659955	6.71479951457813E-4	0.09619510889693642	2.623480268666533E-4	5.390002377331998E-4	0.24031114961331296	0.03247765805664219	0.17287447216885785	0.008814096975221501	0.13697620700583701
121	121	0.012836795748355036	0.11949383882599969	0.047118348179003504	0.03714164614866111	0.7544964077719801	0.001684432619921137	0.001449943390618963	0.002978943053536038	0.00323492473760331	0.0028419528212065078	0.005918967122915628	0.0045498547712495944	0.006253944808949233
122	122	0.018581078019895596	0.013149306317450985	0.004276608561952205	0.053762000923327266	0.005371809101050409	0.002438192095875837	0.002098772294400284	0.004311977410848202	0.00468250723281937	0.0041136860112826355	0.23231046003520892	0.006585849626423825	0.6483177523694645
123	123	0.017464625208015148	0.01235922406298349	0.004019646525132213	0.020488950652433127	0.005049041424743843	0.6632318656984895	0.0019726665739963852	0.004052890220107613	0.00440115658345801	0.0038665132525453802	0.008052830663254245	0.24653201703468072	0.008508572100160318
124	124	0.031790916466494866	0.022497537456267907	0.007316976195210184	0.14666989162179966	0.00919078722034288	0.05885846768671908	0.003590851651450527	0.007377489805861017	0.3908196887877522	0.2804726904230086	0.014658594953234575	0.011267925096184092	0.01548818263567462
125	125	0.31060858601621794	0.03785311481014895	0.0035884224267009575	0.20602935534193953	0.08496671664285227	0.0020458414817960246	0.028580817956018426	0.003618099767693573	0.2453070000789174	0.0034517171551829286	0.06082848475290549	0.005526063504757931	0.0075957800648685375
126	126	0.3669678572600776	0.0028710993964729706	9.337806850599199E-4	0.2978798914982316	0.0011729134218681442	5.323696692398067E-4	0.2796203754909651	9.415033343212328E-4	0.014980512905983652	8.982071859257151E-4	0.0018707062141882604	0.029354206083235364	0.0019765768544307747
127	127	0.007932302581452328	0.0056134674390011475	0.0018256934877250576	0.40501633308244844	0.00229323697762347	0.0010408695036684009	8.959704528943978E-4	0.08371191068381828	0.43864493601974297	0.0017561414968303827	0.0036575356583555215	0.043747072594713096	0.0038645300217264424
128	128	0.16767830100833905	0.01235922406298349	0.004019646525132213	0.0505316858124979	0.005049041424743843	0.0022916921770643143	0.0019726665739963852	0.004052890220107613	0.00440115658345801	0.0038665132525453802	0.008052830663254245	0.7272157795957171	0.008508572100160318
129	129	0.04241081306833939	0.09149266939972465	0.0035884224267009575	0.018290914278424508	0.16542604852721585	0.0020458414817960246	0.0017610406612305644	0.003618099767693573	0.003929004425826677	0.0034517171551829286	0.007188930163329775	0.6492007185796665	0.0075957800648685375
130	130	0.4159702399257341	0.2470509620449543	0.002464683817990996	0.10466791009511305	0.0030958669171844756	0.0014051724671092043	0.001209558938285179	0.002485067500124191	0.002698610274279454	0.0023707887213497915	0.004937668349853627	0.20642636047864144	0.005217110469380148
131	131	0.1908450207231367	0.17033576952975424	0.016147593098099676	0.08230754522169133	0.02028284476071721	0.009206111171706964	0.007924531909946545	0.2576545329315734	0.13836688005075448	0.015532431103120223	0.03234956905417266	0.024866811734628007	0.034180358710698605
132	132	0.22183401930846097	0.1275764103053452	0.011654283094306358	0.007010197742939996	0.0017275056883182345	7.840916599241117E-4	0.06234881862424131	0.011665657267607705	0.2379223752104592	0.00132290925659594	0.03359217803038533	0.0021179257263313745	0.2804436280850843
133	133	0.07978762896584687	0.05646346097312929	0.018363867629630874	0.09360434438671081	0.023066687033499567	0.010469659838083758	0.009012182443349425	0.01851574238036607	0.02010680700667902	0.017664273988773536	0.3112917347192986	0.028279808408065543	0.3133738022265667
134	134	0.17217898228068343	6.128359023049673E-4	0.0016889936057737265	0.1708392661777506	0.28626857350076246	1.1363425697109801E-4	9.78152749445415E-5	2.0096380018075767E-4	0.3592306799469389	1.917222412849242E-4	0.0018889802738567903	0.006265652590629445	4.219001479183382E-4
135	135	0.0115604149621789	0.7042008968996396	0.0026607374208341248	0.033448599656340096	0.0033421280637893186	0.02140323042318043	0.0013057734652646331	0.002682742525679738	0.0029132715882703194	0.0025593734262144294	0.025216719161797567	0.004097456265909274	0.18460865614090158
136	136	0.22981738705990978	0.22282000013513711	0.005509267780953894	0.3574908613638221	0.04809626739723326	0.0031409592351032004	0.0027037074854052053	0.005554831095166405	0.006032159796284775	0.00529938559365711	0.011037090013054057	0.008484108056993017	0.09401397498728022
137	137	0.012211040010609395	0.13437872661860903	4.5620200001184025E-4	0.06028926883744382	5.730311811521811E-4	2.600911667360704E-4	2.238839735750286E-4	4.5997492881061364E-4	0.099379120539008	4.388224357178944E-4	0.43734812434160525	7.025374728194163E-4	0.25327917649390147
138	138	0.27542809558605796	0.056602041701991304	0.06460224867333995	0.13668290424122542	0.03416659856230911	0.032317018778871845	0.028910840517273047	2.285403818604727E-4	2.4817894183783737E-4	0.012076690686481381	0.14953439216342762	0.20025218435597222	0.008950265409351777
139	139	0.010976036294842081	0.7705247904662601	4.100625094634848E-4	0.048062121849806495	5.150757869057776E-4	2.337859906758642E-4	0.015525224188221429	4.1345385069217717E-4	0.006578575476621247	3.944406845973674E-4	0.034534269658252105	0.10483457154169397	0.00699759170196778
140	140	0.04690154952934419	0.09012558647323468	0.11324225340790613	0.052289426780118	0.020403080297341926	3.734034994603433E-4	3.2142213922564894E-4	0.40695367179830805	0.18183581625805562	0.005525101559476757	0.035577811479709884	0.04506450794983752	0.0013863688279812732
141	141	0.007397755936373223	0.19282109404114703	2.1605145269064675E-4	0.3692672271490147	2.7138026383433805E-4	1.2317586157858755E-4	1.0602859637569298E-4	0.3328590209923767	0.09389281251804558	2.0782071255198E-4	4.328305367623434E-4	3.327127929476662E-4	0.002072089146301528
142	142	0.053873727278526795	0.015138740139382963	0.12640036203425767	0.2240122297582232	0.0010550962597475505	0.01303493184308612	0.006690246282864858	0.019680987627736908	0.10136801043878646	0.03847609720902703	0.24652553411664307	0.007571569208001997	0.14617246780371543
143	143	0.09414252691767645	0.00693905279952206	0.06972646803332319	0.7199347739619751	0.002834770601675952	0.018154076452634987	0.001107548292923241	0.002275484212008405	0.002471017416299433	0.0021708433695138848	0.03825606411728808	0.0034754349152865795	0.03851193890987258
144	144	0.017464625208015148	0.5831711921042143	0.004019646525132213	0.0505316858124979	0.005049041424743843	0.0022916921770643143	0.0019726665739963852	0.004052890220107613	0.00440115658345801	0.0038665132525453802	0.008052830663254245	0.006190135754162498	0.3089359237008081
