0	0	2.3936676375471092E-4	0.9049124705863513	7.742215815165909E-5	1.7240225581931654E-4	0.001247039054111065	0.003856466361197681	1.5743362676668156E-4	1.5082356067150842E-4	5.647049433699917E-5	2.7108009574297815E-4	2.5727261216936355E-4	0.08508813671976087	0.003513615711165934
1	1	0.33256439951470457	0.029666156511584666	0.1337678104042104	0.016809868494070433	5.110824167320239E-4	0.010044674526764217	0.016755180324200113	5.510367367275834E-4	2.0631602106667256E-4	9.903962662395193E-4	0.1101549070671629	0.3472761053288921	7.020663876448097E-4
2	2	0.02833331791398282	0.029839777628457593	8.940188041083727E-4	0.0019907848379949636	0.0016153288736367067	0.04453186951426044	0.001817937217052072	0.0017416086371394835	0.10292917175847477	0.27160760753215485	0.0029708104056068957	0.4711549051643417	0.04057286171278918
3	3	5.072524673022977E-4	0.23071252182240973	0.0048564932723592896	3.653450807499967E-4	2.964421099223264E-4	0.0034799801219878943	0.6103488258815202	3.1961673407732974E-4	1.1966906822359338E-4	0.11788507322883754	0.005237622152220848	0.013732878333829733	0.012138279726559266
4	4	3.319937217627103E-4	0.15560671882134766	1.0738195240008376E-4	0.1752954641161337	0.05240380757762841	0.11437511224249085	0.020180921184630354	0.024778499241587808	7.832269313684714E-5	0.08176182502559651	3.5682853660187974E-4	0.37445660302397527	2.665218627080323E-4
5	5	0.0036508721144108795	0.05630018348929461	0.0011808590039804063	0.002629515386176441	0.23854466081989242	0.14325215713101458	0.01928771528857086	0.0023003925992667418	8.612998305529802E-4	0.3418646619898487	0.003923975872161112	0.18327281600113304	0.002930890473697181
6	6	0.02994929728664277	0.046272257822196766	0.009686972387835847	0.02157077420201756	0.017502591807113662	0.06694013601467999	0.019697916356430294	0.018870872403195574	0.0070655240363927925	0.03391723332240714	0.5862917230026665	0.11819164880534351	0.024043052553077548
7	7	0.0019795164418920795	0.0030583921314026805	6.402661448229646E-4	0.06551721221612111	0.0011568441131124415	0.5354681324441861	0.0013019453820694177	0.001247281424917885	0.009622925571038124	0.002241779510971659	0.3683646182683618	0.007811946633180533	0.00158913971792316
8	8	0.0011996555183230063	0.01849991555139114	3.8802345743493556E-4	0.19507232360785617	0.26149506362207936	0.013778984542023842	7.89023990455889E-4	7.558957393020227E-4	2.8301815628518245E-4	0.1955668760400473	0.001289395837839151	0.3043699422323277	0.006511881704634257
9	9	3.10089967441265E-4	0.16542012328498465	1.0029727654705757E-4	2.233401540599655E-4	0.19667618283867305	0.004995896295809728	2.0394890014165454E-4	0.003063925446517195	0.014415853342066437	0.1050528694309474	0.07491531638586502	0.08584565516109452	0.34877650151585216
10	10	0.008516678441483192	0.0012836661773530063	2.687320524319084E-4	5.984076542979066E-4	0.24643234031063987	0.009542863261112268	5.464515928364463E-4	5.235080754911037E-4	1.9600889728880607E-4	0.03552718552399951	0.012421748183410818	0.402942359297399	0.2812000505322562
11	11	0.0012929196349081783	0.10366074390571002	4.1818933790584064E-4	0.46738570353600756	7.55591838854025E-4	0.002889824605514331	8.503646205871484E-4	8.14660899199797E-4	3.050206711074373E-4	0.0014642165558876074	0.0013896365835431924	0.3997946252349389	0.01897850257583596
12	12	0.3227845353293391	0.028737579154724666	8.609962335769809E-4	0.0019172507776112127	0.0015556631133462828	0.05519939313312434	0.001750787667517019	0.3710494927695595	6.279969984451358E-4	0.0030146271688163994	0.002861076923823604	0.2075036092261565	0.002136991503959263
13	13	0.0067103678757447415	0.2586692171696035	0.0021704398504719196	0.035870791772307044	0.15911006747091874	0.41848849113290265	0.035451163725525786	0.004228162509113631	0.001583084406466463	0.007599414127900993	0.007212337439542529	0.05751943370400557	0.005387028815496448
14	14	0.08096107047110426	0.030368329656959025	1.873676761573171E-4	0.06740204709489678	0.03785003849477382	0.10311169833943387	0.02181614413605371	3.650048093135864E-4	1.3666301157160048E-4	0.01673239186419645	6.226198369034146E-4	0.6399815782861903	4.650463224459362E-4
15	15	0.48097153891847766	0.0045621314231800375	0.1511895313424615	0.01578441064454168	0.1929331334525075	0.0065998443204995745	0.0019420812255617828	0.001860540289696898	6.966128463305472E-4	0.03065936625767096	0.0031736822698357667	0.10725664476514402	0.00237048224409199
16	16	9.515079712742077E-4	0.14670450453044603	3.077611924019931E-4	6.853170344310442E-4	5.560683265131174E-4	0.2397830306292178	0.13705813582021129	5.995394597971832E-4	2.2447613302952645E-4	0.058291125612493895	0.1330539636484198	0.28102070677249336	7.638628692707615E-4
17	17	0.17244830829860222	0.053270708214351994	3.990959926190928E-4	8.886997089541409E-4	0.05779256688944764	0.08836509323058207	8.115393712352377E-4	7.774657810317282E-4	2.9109428785191504E-4	0.2468046995002293	0.17254060942424038	0.20461956357920147	9.905557216528013E-4
18	18	0.03006870674194899	0.002382233888030551	4.987142400397185E-4	0.0011105278132862422	9.010856459930697E-4	0.039104812374126885	0.0010141075036405425	9.715288134055179E-4	0.5067149434933015	0.0017461603650150437	0.0016572195650984692	0.40546044458651964	0.00836951496959376
19	19	0.44552584702956816	0.1847977744031719	0.009686972387835847	0.02157077420201756	0.017502591807113662	0.06694013601467999	0.019697916356430294	0.018870872403195574	0.0070655240363927925	0.03391723332240714	0.032189656678765936	0.11819164880534351	0.024043052553077548
20	20	0.01927112635367981	0.386315890800038	0.00623316357255066	0.37042151413364016	0.011262189393078019	0.04307319156522411	0.012674789374049339	0.012142621010621944	0.0045463706596219275	0.021824328052426786	0.020712704381706342	0.07605140702561193	0.015470703677750969
21	21	0.02115696059819703	0.32626197972055687	0.006843128610455607	0.40667022961807514	0.012364284934143764	0.047288248754075925	0.013915119150573325	0.01333087384544665	0.004991269484985408	0.023960013556714153	0.02273960859595457	0.083493647042124	0.016984636088697474
22	22	0.6249301863972219	0.009696648876958208	0.004699694418374107	2.3838406503640515E-4	1.9342555554924812E-4	0.037480902273495056	2.176866407212103E-4	0.007862948842494354	7.808288778296174E-5	0.003436588727303617	3.5573601296576426E-4	0.3105440094655886	2.657058365086622E-4
23	23	0.005120944655267889	0.7895526585792628	0.0016563476932508806	0.003688324964775654	0.0029927180965260473	0.011445902335083054	0.003368090360182308	0.003226676480869758	0.1196385224676611	0.005799410685382553	0.00550401729784669	0.020209251871727986	0.027797134512163268
24	24	0.005245182476168815	0.7601863306579618	0.02595725510512356	0.003777806395887555	0.003065323601938156	0.011723588203625436	0.02771052588711945	0.003304957985889178	0.07401959310970625	0.05446155502071834	0.005637548738101965	0.02069954293784967	0.0042107898799098945
25	25	0.08944405678428535	0.23055761581754744	6.122381118200146E-4	0.001363320709422353	0.01861644154238053	0.004230764870359938	0.04502054937377833	0.10625411476408875	0.03546703471233178	0.002143644273575616	0.019544696574519353	0.23510308063110044	0.21164244183479006
26	26	0.32449445902095975	0.039413678915265725	0.0011808590039804063	0.002629515386176441	0.0021335967834880233	0.0081601205387835	0.06994722901065752	0.42446300694998895	8.612998305529802E-4	0.0041345705092710175	0.003923975872161112	0.11572679770501748	0.002930890473697181
27	27	0.040246372959365125	0.4081564729105227	0.0023140877536404762	0.0051529685869771075	0.004181134387114576	0.01599110049834734	0.0047055679718762304	0.00450799826616445	0.0016878589089611075	0.07428614725338617	0.007689677159373554	0.0944181745789891	0.33666243876528207
28	28	0.006925313653747408	0.04273163867611665	0.5788140162655445	0.004987909254543986	0.004047204742657893	0.015478875296781233	0.0045548397275551825	0.004363598553287628	0.0016337935949480346	0.007842837739293514	0.19963471329249874	0.1234256736631717	0.005559585539853554
29	29	0.013895454493340188	0.026296977043145337	9.511338290928467E-5	0.5347464872317852	1.7185253036803853E-4	0.2876466275527214	1.9340774247244243E-4	0.04506987958414696	0.02455187910050105	0.0030533011366796073	0.03567967847296751	0.02836327043937614	2.360712895868813E-4
30	30	0.004677754000684512	0.007227222631531385	0.7587791855270336	0.0033691199615007994	0.002733714185827951	0.01045532007152264	0.1328936604171278	0.002947424710356208	0.001103557890251717	0.005297502387035972	0.048300027217066055	0.018460248090470963	0.0037552629095904152
31	31	0.005002456071822126	0.007728893766158704	0.0016180230666285123	0.0036029843821715544	0.0029234724881898795	0.8672882661518487	0.0032901593762407412	0.0031520175358521188	0.001180160364971968	0.07507932098775226	0.005376665167178385	0.019741649546770927	0.004015931094414124
32	32	0.0023192787391495737	0.27176932806729787	7.501608098116121E-4	0.0016704444686936927	0.10862980230487475	0.0051838556600748665	0.0015254100346251086	0.012188803466607945	5.471553980621964E-4	0.0026265563890381445	0.056129971846957616	0.5347973346848802	0.0018618981299263551
33	33	0.2095162519088877	0.023117874928265725	0.06982392799286874	0.0010797266376784758	8.760934784058934E-4	0.010284597861803713	9.859806049432875E-4	9.445828610109017E-4	3.5366530843094644E-4	0.001697729527535166	0.16109106112722338	0.5120911264664094	0.008137381296536584
34	34	0.08171137126294459	0.09308418977729747	3.755212843916839E-4	0.15119689244527082	6.784984505420956E-4	0.0025949744509597564	0.02761372446188147	0.11887208160659385	0.17748471067882926	0.0013148218566449558	0.08179822013612663	0.2569729256730976	0.00630206791541979
35	35	0.3639488838084319	0.002284480419533408	4.7824981503185216E-4	0.0010649580033038038	8.641101635472079E-4	0.003304862075113229	0.0283287413853624	9.316627399135414E-4	3.488278306389263E-4	0.0016745077732648803	0.00158921660310399	0.5803163604069054	0.014865138975849516
36	36	0.03604842767293204	0.1046194873721811	7.83793186906651E-4	0.405247345466316	0.001416171292988342	0.4201266645168126	0.0015937995916881491	0.0015268817364631547	5.716863205477835E-4	0.0027443142534615056	0.0026045324156557777	0.02077152252900529	0.0019453736450415163
37	37	0.003314999580896594	0.08178664891170079	0.0010722224664735168	0.002387605517248482	0.0019373103799354603	0.0074094066618649625	0.2935069580802973	0.00208876133249532	7.820620629353832E-4	0.06508612583561314	0.24889068673656237	0.2890759577015501	0.002661254732426522
38	38	0.005512664953436898	0.008517176599218117	0.001783047951884674	0.003970458799879665	0.003221642348597591	0.4202881485971709	0.003625728247128336	0.054469335362028755	0.02679844603578479	0.08273678680925715	0.05692087853499892	0.32773016312098613	0.004425522639628171
39	39	0.27124140338833724	0.0554090497836528	8.940188041083727E-4	0.0019907848379949636	0.0016153288736367067	0.006177961281467642	0.10409502583783287	0.014526244714737084	6.520831376939699E-4	0.028699522057800467	0.2842328041127541	0.21546218361238978	0.015003589557593974
40	40	0.041426571805796376	0.06400487440292915	0.013399247847608943	0.029837201782528727	0.02420999629291189	0.0925931692073024	0.21885837063911265	0.026102634167568986	0.009773198884694672	0.04691511417569403	0.04452548956471066	0.35509721593367566	0.03325691529546582
41	41	0.14961971900175258	0.0019063822964402919	0.3199993461485141	8.886997089541409E-4	7.210936473235251E-4	0.0027578833673958963	8.115393712352377E-4	7.774657810317282E-4	2.9109428785191504E-4	0.02422595385594524	0.0070333370220804345	0.48997692978982205	9.905557216528013E-4
42	42	0.0017404807571168204	0.0026890772613820347	5.62951072754209E-4	0.0012535692258618604	0.2344760125894064	0.5996127905497374	0.0011447295088607642	0.0010966664751235137	4.106075847653561E-4	0.018071685579460563	0.0018706775485038214	0.1356735080349114	0.0013972438121158594
43	43	7.855586675040912E-4	0.01938106155697421	2.5408559834661404E-4	5.65793196314024E-4	0.014992972599086513	0.6993823556507971	5.166688479353968E-4	4.949757998597699E-4	1.8532600595347833E-4	0.062658652802597	8.443224415573633E-4	0.19930758671669527	6.306401163792928E-4
44	44	3.092030063669313E-4	0.02622073650178431	1.0001039277299363E-4	0.025965713055858937	0.2747728256471367	0.35966310129868223	0.0030637001746359697	0.007345663549334798	7.294599444858506E-5	3.501688340318501E-4	0.01034350418815143	0.22432633773521393	0.0674660896215814
45	45	0.01333017405851359	0.08225189642492435	0.00431158790785578	0.009600965656647677	0.007790252740520736	0.029794477514309838	0.19373691278288435	0.008399262639220204	0.003144803843585783	0.015096268184313916	0.014327338711987676	0.5458581907592325	0.07235786877600374
46	46	0.0015095815010018128	0.16292567783496845	4.882676938104407E-4	0.029016542938210217	8.822106428316289E-4	0.06621496281694043	0.028922142340738918	9.51178240176432E-4	3.561347125489717E-4	0.029638860921588336	0.0016225058565075814	0.6273838194529057	0.05008811504777104
47	47	0.5658167617643549	0.036233679485484366	0.007585423085130057	0.01689108237797576	0.013705475625181268	0.052417745474852076	0.015424533432825066	0.014776913305078895	0.0055326873029488185	0.026559027354160478	0.025206241444451168	0.20102341936225726	0.018827009985299865
48	48	0.08887825594656519	0.007622110475097661	2.2836330004115182E-4	0.06582127312643224	0.08205355816652034	0.044031357442857806	4.6436399351541433E-4	0.1637267617284721	1.6656456949302903E-4	0.07590924556561017	0.09872798446472297	0.37180336381439694	5.667974062750752E-4
49	49	1.8554503736221942E-4	0.9443153100297096	6.001375045381808E-5	9.918453835686966E-4	1.0843389812137452E-4	0.019295287358466293	1.2203460372814078E-4	1.1691081402000717E-4	4.3773077837817825E-5	0.008792206150955217	1.9942474756502564E-4	0.02562026109958851	1.489540486231105E-4
50	50	0.051884251703651615	0.07924500799857402	6.57093727284911E-5	0.1542499565036727	1.1872484845858067E-4	0.029583419020781963	0.08564234122308206	0.019860788935456297	0.10059115334411659	0.1054715773907845	0.060356355529015394	0.3127676235541616	1.6309057551611592E-4
51	51	0.30257331857987585	0.1125690758637065	5.133587361845948E-4	0.21403578970710535	0.19179681960254336	0.062276483553590174	0.0010438862671793003	0.0010000572748375	3.7443572094405625E-4	0.0017974354975072743	0.0017058829951428277	0.10903930050252242	0.001274155698860741
52	52	0.023451918920177346	0.14470664805431988	0.007585423085130057	0.01689108237797576	0.013705475625181268	0.4863096197501941	0.015424533432825066	0.014776913305078895	0.0055326873029488185	0.026559027354160478	0.025206241444451168	0.20102341936225726	0.018827009985299865
53	53	5.169555674446347E-4	7.987065963676776E-4	1.6720707199389324E-4	3.723336715081266E-4	0.8706597450856457	0.0011554553573356664	3.400062255235924E-4	3.2573059921910504E-4	1.2195818661682476E-4	5.854462103241733E-4	5.556264667899588E-4	0.12398582123144264	4.150077297880619E-4
54	54	0.18285339696677883	0.2297819301954056	0.03512496422607232	6.030425410956953E-4	4.893105523368423E-4	0.0018714094054078233	5.506840608790549E-4	5.275628375754496E-4	0.007942893890392865	0.09776529126673908	0.07448089383812699	0.3518457278563815	0.01616289236280801
55	55	0.04179270770625875	0.0020485188787697298	0.004714127950677422	0.001774698181020624	1.940195971519088E-4	0.031453684273498775	0.2397691471025168	2.0918725077533895E-4	7.832269313684714E-5	0.45797941488491245	3.5682853660187974E-4	0.21782723908254575	0.0018021038621338116
56	56	7.323399404461445E-4	0.07565245719265486	2.3687222821001236E-4	0.027626000038703795	0.14946993984457257	0.14051686775935993	4.81666422865121E-4	0.0038487601572713545	1.727708467584126E-4	8.293665254879843E-4	0.021111025630514226	0.16548132360656356	0.4138406098065921
57	57	0.02329181367123634	0.014843082228713342	0.01446374028171423	0.4052686911985728	0.13376015936078578	0.10123717498378586	0.0030769016270819883	1.9566646519249964E-4	7.326031798612083E-5	0.0032243374969633024	3.3376497935663524E-4	0.2999821121252559	2.492952633552621E-4
58	58	0.2149774968777802	0.008740029155886399	0.0018297015336333627	0.004074346148508844	0.5266074184529573	0.012643833865108091	0.0037205956953072464	0.10822467771621234	0.0013345552818489516	0.006406378726188701	0.03224514345886526	0.07465450632036792	0.004541316767335354
59	59	0.005245182476168815	0.42053620559290816	0.0016965318861911574	0.003777806395887555	0.003065323601938156	0.035984311422557834	0.003449802668187045	0.003304957985889178	0.0012374234529090463	0.17576517111538034	0.005637548738101965	0.3118282215650385	0.028471513098842296
60	60	0.10572282339786519	0.05404295760441171	3.657021370521205E-4	8.143388777955341E-4	0.026808801767978254	0.04959360144843566	0.16809112107606256	0.06346771964962512	2.667373391862459E-4	0.0012804418359316449	0.006444831386812482	0.5221932512621911	9.076722166523324E-4
61	61	0.001598893373837864	0.202146570379861	5.171552379083314E-4	0.015942425109609564	9.344051647536982E-4	0.35855370843738626	0.07500577232676713	0.07496161920076742	3.7720482909356964E-4	0.09795114419331347	0.0017184987105773924	0.16900902442504623	0.0012835786110780064
62	62	0.6434552129895684	0.12148763622075212	5.54030837632974E-4	0.0012337058082814937	0.0010010326458471097	0.10682421318043392	0.0011265907098363735	0.01692477841890818	4.0410130673172566E-4	0.0019398417209697818	0.033532014068744065	0.07014173829185745	0.0013751038004363614
63	63	0.5540835543764252	0.029774272118207754	0.00623316357255066	0.013879895451809954	0.011262189393078019	0.04307319156522411	0.012674789374049339	0.012142621010621944	0.0045463706596219275	0.021824328052426786	0.020712704381706342	0.254322216366527	0.015470703677750969
64	64	0.008926941404456178	0.01379230137779782	0.0028873810982991905	0.7909412709052883	0.005216970868892564	0.06124283397353024	0.005871327911996014	0.005624812181133477	0.0021060099828380825	0.05139974768948396	0.009594721914529324	0.03522920465489283	0.007166476036862076
65	65	0.007399343601615753	0.11410544916841789	0.002393286108550177	0.0053293260454822695	0.038548670255061965	0.18766058138826225	0.004866613395370691	0.44957998754248085	0.0017456249330451582	0.042604110070779196	0.00795285204539549	0.13187402251456404	0.00594013293097429
66	66	0.002874285854693347	0.35009869677950134	0.014224208883924073	0.002070184504505726	0.0016797540045821154	0.019718894010391983	0.001890443098158146	0.001811070259682486	6.780905608378685E-4	0.38879656388542233	0.016383830411301183	0.06452119050075507	0.1352527872462443
67	67	9.953120799326344E-4	0.30998241095484896	3.2192944439758133E-4	0.3183688032170976	0.03280722655611806	0.11731591874022321	6.546255129599212E-4	6.271401656607414E-4	2.34810231344311E-4	0.04256004072922763	0.005673417728201393	0.1696593361881516	7.990284518363662E-4
68	68	0.38864714908774706	0.2400101983621253	4.750012521200601E-4	0.0010577241624043182	8.582406030355847E-4	0.01686762690500937	9.658884694674898E-4	0.1911183227370469	3.464583803692194E-4	0.0016631335004962155	0.0015784216797116958	0.15523288238592056	0.0011789524745462474
69	69	0.002913013003335437	0.32786848856612427	9.422016235854173E-4	0.002098077465427352	0.015176045844088756	0.06040555789064252	0.0019159142845894602	0.0018354720035220783	6.872269221011318E-4	0.3536140981470126	0.016604580562031384	0.05191686763987962	0.1640224560476599
70	70	0.3326476117908919	0.3006073474847689	2.522524938173196E-4	5.617112724365741E-4	4.5577423521461834E-4	0.08110281924207365	0.047407293149102886	4.914047891983301E-4	1.8398896858056146E-4	8.832178255927198E-4	8.382310640771947E-4	0.2339422573308641	6.260903533812632E-4
71	71	0.03645793010101141	0.25813404318521044	2.49551899683411E-4	0.057653918933391154	4.508947543128411E-4	0.13019548286500146	5.074498253680181E-4	0.17534944656628523	1.8201919804734166E-4	0.008011039831173267	0.09718250546749849	0.23500632989067602	6.193874823410162E-4
72	72	0.0018288159194594035	0.002825556837766106	0.20360476943226416	0.0013171920154970702	0.017986544169039633	0.004087614651614004	0.0012028283224156298	0.04344675233226604	4.314472794939714E-4	0.002071112909607447	0.11193112927364988	0.16793604371623774	0.44133019314068883
73	73	0.003123433391832362	0.04816653872444056	0.0010102612001991393	0.0022496312946984087	0.5074677004297159	0.19479124714261364	0.0020543096256430402	0.01641498070561585	7.368684979432203E-4	0.0035372522468172774	0.0033570820570444047	0.012326290629829853	0.20476440405360635
74	74	0.0065083632766790005	0.01005555024068369	0.002105102325032269	0.7873748829207711	0.003803535845060579	0.13496037066522304	0.0042806077957115414	0.0041008806240882874	0.001535428251582407	0.007370646252209708	0.006995221871546947	0.025684548766956	0.005224861164455531
75	75	0.029769625193291935	0.058977855538564404	3.990959926190928E-4	0.4460461909975223	7.210936473235251E-4	0.0541222092853076	0.00651868669544765	0.00648461310524414	2.9109428785191504E-4	0.012811659207520419	0.0412762209673549	0.34159109936029936	9.905557216528013E-4
76	76	6.069318331179733E-4	9.377217099200096E-4	1.963095111194663E-4	4.37138454465286E-4	3.546954717546867E-4	0.004163825413969856	3.9918440717955496E-4	3.8242410399775856E-4	1.4318504418664723E-4	0.9551566675144915	6.523334136522458E-4	0.03608234317724337	4.87239944901789E-4
77	77	4.4557330271227414E-4	0.004810270679434604	1.4411878311601156E-4	3.209210891081675E-4	2.603963479636833E-4	9.95907757120311E-4	0.8803082666236081	2.8075306279402574E-4	1.0511795486074993E-4	5.04606619837718E-4	4.7890444648024475E-4	0.11098746070539249	3.577026275717479E-4
78	78	0.007661556058747814	0.11814903354691261	0.002478097608722427	0.005518182753925792	0.004477470273180271	0.4069343132623595	0.005039072835696357	0.07570201887541485	0.0018074850962662321	0.11498840136558398	0.008234679324720039	0.24285905403712904	0.006150634961341108
79	79	0.4783971435654453	0.0018534915497473376	0.0059368314579828696	8.640435886784941E-4	7.010875963264599E-4	0.058169448546407314	7.89023990455889E-4	0.03404874374258962	2.8301815628518245E-4	0.0013585960208696366	0.001289395837839151	0.4097972942427384	0.006511881704634257
80	80	0.0013246051747762193	0.0020465412451328986	4.2843789054658243E-4	9.540377144229402E-4	0.6502087559545446	0.1806361620353483	8.712044789669766E-4	8.34625767629042E-4	3.1249580287433763E-4	0.026007067869574685	0.01980391821682623	0.11550876557616345	0.001063382273193667
81	81	0.10993447828361845	0.036051192161710474	5.816819423711253E-4	0.026249760432262622	0.0010509931474229515	0.004019611781747365	0.2673639552424298	0.03440579766113367	4.242695840157151E-4	0.0769001021484611	0.0019329199332369905	0.43132334332736033	0.009761894354229347
82	82	3.6322869907311537E-4	0.002241249754397679	1.1748477250449798E-4	0.025462426199682132	2.1227354991534475E-4	0.017612400225397982	2.3889871151628795E-4	0.0019089224385583255	0.010166016826599528	0.27426018953405795	0.5716088335281698	0.08711620763080759	0.008691868129319833
83	83	0.3121979167540791	6.126606976918648E-4	1.2825886483556044E-4	0.08098713756272041	0.1634689322235582	0.03206644832328057	2.608072254519965E-4	2.498568774625461E-4	9.354998198550281E-5	0.0022832016512717096	4.2620218782179293E-4	0.40690668931829854	3.183383315422439E-4
84	84	0.015153117157686495	0.007001054088910228	0.006446466617883652	3.2698613583992034E-4	0.5378332452054411	0.120707588183872	2.9859593787248814E-4	2.860589791196262E-4	1.0710456568258298E-4	0.0383118880295883	4.8795520053326966E-4	0.26217610350655124	0.010863836391019193
85	85	0.35037272335927555	0.0031447720275307053	6.583495431276592E-4	0.0014660008072946314	0.0011895175147017725	0.24932697086685476	0.0013387169607407044	0.20840198377332766	4.801897161550486E-4	0.002305095355696532	0.0021876851630663356	0.17749397222381988	0.0016340226884087544
86	86	0.017693967408497498	0.027337530292862556	0.005723038242831381	0.5856275770761505	0.09218100305343864	0.03954805929594849	0.011637478058005453	0.011148862628605823	0.004174293334075881	0.02003821376005147	0.019017565945322876	0.15166783761478259	0.014204573289426743
87	87	0.0026951331653873424	0.004164034150797133	8.717293198826305E-4	0.001941151019288443	0.0015750558421491645	0.778909255358068	0.001772612797994372	0.0016981872257927138	6.358255413831205E-4	0.003052207186382608	0.01536263508567785	0.18515854229733478	0.0021636310098617985
88	88	0.12101586720123675	0.18745390786929206	0.02143082324997431	3.6793484050993855E-4	0.10190081442046348	0.04367298775378053	0.04995570304831847	3.218823470556633E-4	1.2051734606754025E-4	5.78529621428749E-4	5.490621748320771E-4	0.44150489974628426	0.031127070380756253
89	89	0.005656904240320044	0.008740029155886399	0.0018297015336333627	0.030239420228191365	0.029471010938989413	0.012643833865108091	0.0037205956953072464	0.0035643813974822643	0.0013345552818489516	0.032571452805871225	0.05841021753854778	0.7811115064717961	0.030706390847017876
90	90	6.069318331179733E-4	0.012166772583123996	0.02826893669412943	4.37138454465286E-4	0.056499949837774614	0.33261356345518645	3.9918440717955496E-4	0.2867232213706994	1.4318504418664723E-4	6.8734329215262E-4	6.523334136522458E-4	0.2662778860779251	0.014523553536406771
91	91	0.1593407082101993	0.0373691525336717	0.19132640856268335	0.01295372557501112	0.001416171292988342	0.09508337946401711	0.012802188731439719	0.0015268817364631547	5.716863205477835E-4	0.06999464909197092	0.0026045324156557777	0.3794399750010555	0.035570541064296225
92	92	0.008572962993977378	0.013245397718710248	0.43895392038934755	0.006174617294537132	0.00501010325634579	0.01916156173459233	0.005638513196683702	0.005401772509995329	0.0020225007457543285	0.009708781590036679	0.4057424751203925	0.07348508840497027	0.00688230504465678
93	93	0.1524363033132268	0.038985318189345836	0.0020435835986166813	0.4721286565148358	0.06213963793844856	0.0433454562388156	0.00415551290756981	0.00398103801588044	0.0014905574681451153	0.007155249230932458	0.06523805132106719	0.14182846349561415	0.005072171767501565
94	94	6.468831969176216E-4	0.1476099531072478	2.092316092334739E-4	0.17101282799821554	3.780433455304967E-4	0.5968640350120136	4.254607706921563E-4	0.006391699493908043	1.5261021762265247E-4	7.325877502970649E-4	0.057544244958943676	0.017513109964183468	5.193125751945362E-4
95	95	0.022936999851306702	0.03804076834124197	4.987142400397185E-4	0.0011105278132862422	9.010856459930697E-4	0.010577984811557755	0.0010141075036405425	9.715288134055179E-4	3.6375425769941887E-4	0.151512005068503	0.0016572195650984692	0.5837531168525767	0.1866621872356508
96	96	0.004305164776645889	0.006651564896677734	0.0013924871731481989	0.0031007651502035563	0.02242879724255412	0.04944819408757736	0.0028315447557710222	0.5005333326514413	0.0010156580609852746	0.36330643479883246	0.004627212945245094	0.03690269215346412	0.0034561513074538846
97	97	0.025756655198241184	0.0070741647526432845	0.0014809573133253212	0.0032977688517706145	0.04503175270863704	0.2220135628046355	0.0030114438358426177	0.46880026758181836	0.0010801867782044372	0.19578701069521287	0.004921197827683692	0.01806929757454962	0.0036757340774355276
98	98	0.11904123168161111	0.08299744523327429	0.0013391544706365542	0.09873280159670726	0.002419607812205129	0.0667044718430739	0.0027230956892230524	0.0026087627931390325	9.767580335633941E-4	0.06213929234186208	0.0044499892147680286	0.5525436096790194	0.0033237796109168616
99	99	0.0045786886830919095	0.0070741647526432845	0.0014809573133253212	0.045653701882069166	0.002675819678338498	0.8997084912894122	0.0030114438358426177	0.002885004248534361	0.0010801867782044372	0.005185312058869401	0.004921197827683692	0.01806929757454962	0.0036757340774355276
100	100	0.4114925965017891	0.03959657849582313	3.7754873035692935E-4	0.09802303265925312	6.821616755126995E-4	0.40213627566293	7.677242190125332E-4	7.354902678881093E-4	2.753780564705858E-4	0.028317007825734243	0.001254588484731776	0.015404541975055341	9.370754454423847E-4
101	101	0.0263053369032794	0.0406422668164291	0.008508348953764431	0.018946236942317476	0.015373034290592318	0.058795463992500706	0.017301251548216243	0.25991679699354286	0.00620585479507808	0.029790490268730704	0.028273109570203046	0.1038111549403622	0.3861306539849834
102	102	0.054737242326068365	0.01503379485184119	0.0031472844090247695	0.007008315768697121	0.005686568734440266	0.11176227207494713	0.006399826752548147	0.00613112127519359	0.002295579335939119	0.011019663870097559	0.010458376522695302	0.7585083983708971	0.007811555707610471
103	103	0.012576407808482314	0.02459460655032619	3.9683121839287794E-4	8.836565508345229E-4	0.0688141291647419	0.7120873116983822	8.069340795622481E-4	0.006447814478098442	2.8944239744780714E-4	0.0013894348497109005	0.10913911584494247	0.06158938080403553	9.849345550424662E-4
104	104	0.0065083632766790005	0.01005555024068369	0.002105102325032269	0.4261346001710169	0.003803535845060579	0.4660972965191643	0.0042806077957115414	0.0041008806240882874	0.001535428251582407	0.03747400314802255	0.006995221871546947	0.025684548766956	0.005224861164455531
105	105	0.011135442040718467	0.021370243329055457	6.402661448229646E-4	0.04720536101846834	0.12933980249668187	0.6728070164265819	0.0013019453820694177	0.001247281424917885	4.6699997221173707E-4	0.002241779510971659	0.02959537111178542	0.08105935142379163	0.00158913971792316
106	106	0.0011486657142801824	0.001774711292020719	0.010997457229255776	8.273185350291245E-4	6.712887760755323E-4	0.14070444112610883	0.006068450650825956	0.26105895942478313	0.021522841248752127	0.15537678064827545	0.006547554840905158	0.3020590182563171	0.09124251225737084
107	107	0.004483732349530658	0.027666217049517033	0.001450244092495655	0.003229377209365878	0.0855753733476575	0.46627441699640615	0.0236877519337204	0.16873526654491552	0.0010577850420046373	0.06729406024968103	0.004819138278587883	0.14212713300183816	0.003599503904279546
108	108	0.15152911361320456	0.003829837737832454	8.017662020909225E-4	0.19669727092146608	0.0014486452524174387	0.29217563118269	0.024561159948033772	0.0015618943763947997	5.84795552793597E-4	0.04866887008221473	0.03706047631540571	0.23909055617068647	0.0019899826447693707
109	109	0.05830536181435399	0.013320676944865117	3.990959926190928E-4	8.886997089541409E-4	7.210936473235251E-4	0.7618084774876466	8.115393712352377E-4	7.774657810317282E-4	2.9109428785191504E-4	0.0013973645590955955	0.0070333370220804345	0.1532552376612898	9.905557216528013E-4
110	110	0.1447507534897575	0.01503379485184119	0.27318781790009217	0.007008315768697121	0.005686568734440266	0.06675551649310256	0.006399826752548147	0.00613112127519359	0.002295579335939119	0.011019663870097559	0.23549215443191815	0.2184273313887622	0.007811555707610471
111	111	0.0011930355928802935	0.31086182698777687	3.858822708034319E-4	8.592756331704818E-4	0.017251784756688614	0.05784845855674826	0.028375613163851524	0.3980613060192053	2.8145640871271186E-4	0.05653298534497194	0.012318657971029356	0.11507195801243983	9.57759281721309E-4
112	112	0.005808894392418732	0.035842936319604723	0.0018788620996563797	0.031051895370885124	0.0033947610332240156	0.8458940097643092	0.0038205609557401296	0.003660149479762974	0.0013704122190809054	0.006578505818257019	0.03311150853250838	0.022924170787883145	0.004663333226669404
113	113	0.003314999580896594	0.0051217400468402206	0.0010722224664735168	0.017720587290220597	0.0019373103799354603	0.9273883130401918	0.002180304393827144	0.00208876133249532	7.820620629353832E-4	0.0037541987437246936	0.0035629783690085395	0.02841526756102412	0.002661254732426522
114	114	0.0048893266727641875	0.007554106602694479	0.0015814318453241157	0.003521503715051626	0.002857358827019664	0.9155190538589303	0.0032157531750277883	0.0030807353807404303	0.0011534713084436527	0.005537105994923358	0.027869844226250867	0.019295196660913776	0.003925111731915719
115	115	0.00224696615623667	0.003471607240197409	7.267716134887053E-4	0.0016183618310595	0.001313143712876014	0.6597793372430416	0.0014778494125476387	0.0014157998841445997	5.300956891877368E-4	0.04411654313199921	0.002415050625255342	0.26869165730712197	0.012196816152843539
116	116	0.01927112635367981	0.029774272118207754	0.00623316357255066	0.013879895451809954	0.011262189393078019	0.04307319156522411	0.1018101940445069	0.1012780256810795	0.0045463706596219275	0.021824328052426786	0.46638972773399406	0.1651868116960695	0.015470703677750969
117	117	4.738966057522153E-4	0.0029241099449530254	1.5327983460427415E-4	3.4132075220151065E-4	0.8266346709343336	0.00982693479918123	3.116859675324209E-4	2.985994059849275E-4	1.117998805334432E-4	5.366824334527297E-4	5.093464762927764E-4	0.15749723262002469	3.804403451531804E-4
118	118	0.06935894691727525	0.07789106802357022	2.817237496912253E-4	0.0650865741631884	0.1374849016887069	0.04626252824213788	5.728694823169035E-4	0.02069232828418187	2.054848352376443E-4	9.86406254521744E-4	0.0089935681873551	0.507025125367287	0.06515847480452973
119	119	0.004140275593661631	0.0063968078413079625	0.07793979186260287	0.022132164204740942	0.002419607812205129	0.00925399379909916	0.0027230956892230524	0.0026087627931390325	9.767580335633941E-4	0.5025929573456684	0.0044499892147680286	0.3610420161991036	0.0033237796109168616
120	120	0.00422111053299395	0.006521699424506976	0.0013653001867710627	0.022564273640528754	0.0024668483512182895	0.02895871719590576	0.0027762615401078173	0.0026596964030752026	9.958283042734715E-4	0.47335751040246093	0.024060918995584164	0.2118986340223201	0.21815320100025354
121	121	0.16893461527739298	0.02357908423503503	3.091216499525646E-4	6.883464765993382E-4	0.13317344839953038	0.1656945351069658	6.285815795628266E-4	6.02189722419903E-4	2.2546842919175415E-4	0.07181029357909992	0.0010272063742477282	0.42813937224775656	0.005187736922245217
122	122	0.057391642022280386	0.004921849907856839	0.122453851570036	0.004545826904658262	0.023462475957118336	0.04951981862178423	2.9985525480940916E-4	0.0023959962805671286	1.0755627508809821E-4	5.163114948957807E-4	0.023686052578107183	0.2295421274478164	0.481156635684982
123	123	0.050701821858701576	0.03315283923131196	3.161084324704866E-4	7.03904517033308E-4	0.2491936835278123	0.48134784002267356	6.427888108966761E-4	0.0051362101393804755	2.305644775586738E-4	0.001106798185235372	0.023652471820822196	0.12590793009414242	0.027907038881961
124	124	0.01124938119372238	0.017380516876709797	0.0036385643362800936	0.008102288989278969	0.3707992747998829	0.18124011653654803	0.007398816997097662	0.05912031795777813	0.0026539111237925245	0.012739794293949903	0.012090891983498737	0.3045552130793193	0.00903091183214163
125	125	0.0014586574408063716	0.002253654652704013	4.7179652387719024E-4	0.189960386379345	0.014346007275744579	0.2461442943056997	9.593718338928484E-4	9.190912955979555E-4	3.4412090241186117E-4	0.0016519127071258518	0.5008293826011646	0.03949032573831033	0.0011709983433196107
126	126	0.0018288159194594035	0.011284442118109968	5.915227040114552E-4	0.0013171920154970702	0.001068773608351908	0.3424430258653685	0.0012028283224156298	0.27183665490155035	4.314472794939714E-4	0.018988883470295172	0.0019656206291796736	0.34557263460345883	0.0014681585628080098
127	127	0.02115696059819703	0.1305459421722774	0.006843128610455607	0.21095419206979574	0.30593834125656294	0.14514626752821563	0.013915119150573325	0.01333087384544665	0.004991269484985408	0.023960013556714153	0.02273960859595457	0.083493647042124	0.016984636088697474
128	128	0.005656904240320044	0.6105367329885845	0.0018297015336333627	0.23956001286565154	0.0033059368593068893	0.03880890794479061	0.0037205956953072464	0.02972945547716479	0.0013345552818489516	0.006406378726188701	0.00608006937918274	0.04848943224068541	0.004541316767335354
129	129	0.06815764285101292	0.024656571774060828	5.171552379083314E-4	0.00115159189245955	9.344051647536982E-4	0.018364544442936004	0.18593702145539223	0.0010074531150173595	3.7720482909356964E-4	0.28283655940768865	0.0017184987105773924	0.41305777250802145	0.0012835786110780064
130	130	0.2149774968777802	0.1134003254746165	0.08032492377268093	0.004074346148508844	0.0033059368593068893	0.03880890794479061	0.0037205956953072464	0.0035643813974822643	0.0013345552818489516	0.006406378726188701	0.00608006937918274	0.5194607656749708	0.004541316767335354
131	131	0.03839944717877511	0.15756633788723698	1.8888597532779917E-4	0.005822817396374834	3.412824969339671E-4	0.06883288285167612	3.840890625002568E-4	3.6796255800625573E-4	0.05145876103262952	0.23025525639033345	0.003328769889435432	0.4317802734686028	0.01127323381216754
132	132	0.0601517088413766	0.01652089897627643	0.3991282656605622	0.00770156024806406	0.006249069413890134	0.0733587996218157	0.0070328810713796795	0.056196303444497504	0.0025226521097853898	0.30886194554447094	0.01149289209345235	0.042198768369066844	0.00858425460536219
133	133	3.626194786890979E-4	0.04249116348282725	0.023598596875954125	2.61174171173105E-4	0.011952572093588828	8.104963863658515E-4	0.04887835269635907	0.01532361166909639	8.55478049524964E-5	0.5555759002080469	0.09766945460443367	0.03329852938041613	0.16969198114809717
134	134	0.002342164813197902	0.18318598014909077	7.390378323064363E-5	0.0012214055224224387	1.3353065324225085E-4	0.003681212986028276	0.5211713737608641	1.4396953017128117E-4	5.390424746664651E-5	0.05944168464275234	2.455811077198531E-4	0.228121859712355	1.8342909145863524E-4
135	135	0.1405779533397819	0.030168877713864097	0.0015814318453241157	0.27489875704908706	0.04808690104935889	0.010928209412145643	0.0032157531750277883	0.2292284464924366	0.0011534713084436527	0.09599619043960182	0.005255073115081247	0.15498382332793148	0.003925111731915719
136	136	0.003078952005960363	0.6598514503018221	9.958738857793485E-4	0.15887060459719266	0.0017993624237071008	0.021122995880691067	0.0020250538267527103	0.001940029172769756	7.263746189702789E-4	0.003486877590988626	0.031791638821999604	0.09759784642435486	0.016712940449011338
137	137	4.3221195287266803E-4	0.1565995132865188	1.3979711153481542E-4	0.03829466956452932	0.01024821205881734	0.02495554163722248	0.14222213300246203	0.04625220539806259	1.0196579614574416E-4	0.05246672079679294	0.2743446462127717	0.19761991151326874	0.056322471669000854
138	138	3.596037760327844E-4	0.013861896837855592	1.1631230661778163E-4	2.590021321954568E-4	2.1015511796350695E-4	0.02408978422851178	2.3651456773610046E-4	2.2658418019872977E-4	0.010064562760009613	0.29480917616350416	0.5941802252467915	0.061297495692611594	2.8868698997146165E-4
139	139	0.005969277411677477	0.009222651896027782	0.0019307373027427012	0.2803983754777289	0.003488490061054335	0.31705097314010855	0.003926046278755021	0.0037612058572500297	0.0014082491695360773	0.006760137735463205	0.006415809648659369	0.18921653178142098	0.17045151423957558
140	140	0.4846571656314918	0.21185623595301165	0.0012011420954696126	0.0026746814059724648	0.0021702446293482744	0.1457127359124952	0.00244245524622928	0.08822268829890373	8.760939958206854E-4	0.0042055881935376726	0.003991376265729015	0.049008359292256276	0.0029812330797343613
141	141	0.002629573212540696	0.7094967661595921	8.505242329353476E-4	0.0018939319167494114	0.0015367421187056354	0.018040055197011004	0.013892149016597839	0.0016568782931293635	6.203588872499917E-4	0.0029779612968706217	0.22175407900705177	0.022539980649239302	0.0021110000123267677
142	142	8.372764079129906E-4	0.915246894853262	2.708134807575883E-4	0.004475725957241776	4.893105523368423E-4	0.009616776237699985	0.039277518222339866	0.016018296502159773	1.9752705810070095E-4	9.482058630870528E-4	8.999089313514491E-4	0.011049587235526362	6.721586982236877E-4
143	143	8.405315203927638E-4	0.9499070514675292	2.7186633299679344E-4	6.053870133426175E-4	4.91212864250021E-4	0.01742964255767461	5.528249769995123E-4	0.016080571464592856	1.9829499182705441E-4	9.518922403803318E-4	9.034075427603183E-4	0.011092545151176175	6.747718760778562E-4
144	144	5.512243015918793E-4	0.13343068364891167	0.04352143595637518	0.002946612243675719	0.0028717363299633992	0.06752156552284513	3.6254507351099496E-4	3.473231228540452E-4	0.6171324570695714	6.242551560103218E-4	0.05923318400537163	0.05061768515059198	0.02083929241872666
