0	0	0.42419813491589936	0.004647596322531658	3.3269235586178675E-4	0.03793649308500311	0.28323302291282887	2.55607502193047E-4	0.02259776480091204	2.726138084009779E-4	1.0954035850297077E-4	0.11181093856638007	1.950072762868445E-4	0.10926805978472202	0.005142528310477278
1	1	0.030228265917944423	0.19835243434870697	0.0036749275483836234	0.0025049566666934305	0.041284090416561656	0.0028234464508496058	0.053595470003028084	0.003011298507197231	0.0012099853634437623	0.42648387261088533	0.002154054937347284	0.030857732559202496	0.203819464669756
2	2	0.012884506608714461	0.004330591731445394	0.08091979555275436	0.25857603602007684	0.12749760603202998	2.381729519248882E-4	3.872315864406335E-4	2.5401928709161727E-4	1.020687981210309E-4	0.5093004015049978	0.004315541834129775	5.36098507150138E-4	6.579295851231604E-4
3	3	0.04020548990077139	0.0163782203259047	0.02580478558664447	0.01758942695789765	0.11783781786214086	0.019825814065801754	0.03223364102065866	0.19319770558848476	0.008496334269332098	0.24186010347339795	0.01512544807163558	0.21667833226548158	0.05476688061184842
4	4	0.006525186614374893	0.030581587820112652	0.032111480817579405	0.0028546920737308698	0.10289500490184215	0.0032176485569641823	0.005231388137283508	0.0034317280192638156	0.0013789203111895622	0.12302331474092282	0.002454798375471739	0.1468598858700482	0.5394343637612161
5	5	0.03430347943293012	0.013973960906440557	0.022016742833561313	0.30859963433331433	0.24733581542817598	0.016915461215018763	0.02750186714624269	0.0180408957605734	0.007249105248627777	0.05955984178317007	0.012905090775407984	0.03807465722634817	0.19352344791018877
6	6	0.02381543715032226	0.3154443353617545	0.015285281956096306	0.010418972465199546	0.1717146675709767	0.011743680527295795	0.019093368934146912	0.012525021549534148	0.005032743421328777	0.1432641190956023	0.008959452025321273	0.02643360443849601	0.2362693155039255
7	7	0.025274047847191103	0.18633044285337666	0.10550610470249924	0.0020944104045203305	0.055004588747285116	0.0023607017645823143	0.0038381280578858564	0.0025177660789300555	0.0010116765564089011	0.008312101089560335	0.0018010192083058008	0.21018060235413724	0.39576841033531696
8	8	0.0018873838124441255	7.688499256207994E-4	0.017364866378914958	8.257081257419872E-4	0.07014571636338095	9.306918191687886E-4	0.017666658937807993	9.92613436985964E-4	0.08924310315240265	0.11635150124237781	0.6306965832835034	0.0020948747153731527	0.05103144880627745
9	9	0.006023475516967978	4.647818400867533E-4	0.386451558690056	0.19091752700334308	0.20352742494185128	5.626178033608895E-4	9.147276497790079E-4	6.000503926233223E-4	2.4110933893387962E-4	0.1826343227056317	4.2923061523066265E-4	0.006148907022455538	0.021084266479679863
10	10	0.0012376378306468729	0.005800436408062323	0.09083091358477935	0.058800408897184346	0.06718260456814192	0.016499100650175177	0.011584779576048296	0.3607971782587196	0.0479279603512614	0.3199249929351087	0.016354410191568067	0.0013736984396692067	0.0016858783086347593
11	11	0.03430347943293012	0.013973960906440557	0.022016742833561313	0.01500736708783872	0.1005396818054382	0.016915461215018763	0.02750186714624269	0.0180408957605734	0.007249105248627777	0.6467443762741212	0.012905090775407984	0.03807465722634817	0.046727314287451
12	12	0.13999744559488927	0.010802446226890456	0.01701984728189733	0.011601311686714714	0.3046801987230202	0.1265557927200335	0.02126007385990648	0.013946354054039746	0.005603856355808107	0.15952165193853096	0.12345561151057843	0.02943327522158342	0.036122134826107384
13	13	0.20388425991549533	5.508464905702284E-4	0.03558766616461841	5.915828409985736E-4	0.5999860666322432	0.029599946671730482	0.0068707392757016	7.111630111885374E-4	2.8575607250628604E-4	0.11808040981222025	5.087121691350465E-4	0.0015008837832895146	0.001841967160302501
14	14	0.0030702929858866263	2.3690914316260923E-4	0.017794338555674076	2.5442911295593706E-4	0.12365203731500123	0.020196578421923798	4.662560475595234E-4	3.0585838797885114E-4	1.2289853425569876E-4	0.555995435636545	0.2764672659438827	6.455030524342454E-4	7.921968627397387E-4
15	15	0.6451620945037378	0.003193091321049537	0.005030890735297712	0.0034292276843207814	0.02297361410579472	0.0038652328254569703	0.006284257833929593	0.004122397941624109	0.0016564419501202121	0.01360959968002133	0.0029488513405901565	0.2770469708149956	0.010677329263061404
16	16	0.009813515407863693	0.003997660964170178	0.006298534393590259	0.004293297081887062	0.02876232186383501	0.046834498568212195	0.007867714921232978	0.005161126843246499	0.0020738189602522695	0.017038837887330235	0.0036918793445417032	0.38885038858854065	0.4753164051752973
17	17	7.84659283088146E-4	0.14134812954776715	5.036119348037416E-4	3.4327916861051546E-4	0.21048466074158312	3.8692499680777215E-4	0.00398690006343194	0.02391741632849815	1.658163492872515E-4	0.20954728609549778	2.9519160864767494E-4	8.709213682380484E-4	0.40736520251373876
18	18	0.010713335652682907	0.004364214244822427	0.006876059217722207	0.004686957811069758	0.031399594892452906	0.005282875577410662	0.008589120948773196	0.8308618011703607	0.0022639714394575936	0.06444713087436892	0.004030394915932821	0.011891113947325734	0.014593429307620172
19	19	3.8070454551004506E-4	1.5508486380406725E-4	0.031198439432436775	1.6655374209630214E-4	0.09723641256462617	0.00507521866155821	3.052193540034033E-4	0.0018293831235777682	0.22653409179281198	0.5659805222141739	0.0441306201512914	0.02648916364845882	5.185859056510743E-4
20	20	0.029912447755265064	0.01218521801455391	0.01919848017276641	0.013086342592061529	0.08767005647972718	0.014750190307655375	0.023981478782426725	0.015731563118879792	0.006321180405210992	0.051935858551441116	0.6512803252393946	0.033200894308973675	0.040745964271643516
21	21	0.056025481405195456	0.3524933474210095	9.10016315810733E-4	6.202983343419998E-4	0.13764088816496894	6.991654402060696E-4	0.05574435089458836	7.45682938574201E-4	2.996267023305842E-4	0.0024617822990224488	5.33405111347264E-4	0.04404632890015832	0.34777962607244606
22	22	0.036141169186349756	0.042090337013401834	0.03556318377873211	7.059677004858734E-4	0.13593397196289417	7.957271376603986E-4	0.5053950099818921	8.486691649675346E-4	3.410081284078753E-4	0.20306119285483634	6.070736596200825E-4	0.008696582574334151	0.029820106856417734
23	23	0.07695712951832778	1.867216642408143E-4	2.941902364382486E-4	2.0053015585742354E-4	0.2563392977361256	0.03749465421338909	0.04744364463460193	0.30231310105880904	9.686337362349042E-5	0.01844940599685231	1.724392992721451E-4	5.087579255660858E-4	0.259543264186896
24	24	0.16258818568498037	3.1436311500231557E-4	0.010402427940111513	3.3761098211902154E-4	0.16738063567021108	3.805361353775713E-4	0.04354959517678407	4.0585430478140214E-4	1.630784086341581E-4	0.26553005472893815	0.32062090545542804	0.020670803990215026	0.007655948407417309
25	25	0.014719593878328706	0.0011357894472762901	0.001789498649751443	0.12053420037049906	0.2110062723341707	0.0013748716253367181	0.4198357825102704	0.025329229152234716	0.04831496664707817	0.004840963863552211	0.1442262128145745	0.003094669734364063	0.003797948972562859
26	26	7.926439529920353E-4	3.2289364796051216E-4	5.087366751155378E-4	0.017306723597139362	0.10747484886558054	3.908623342530317E-4	0.7061694515536341	0.09539259442214942	0.003559493937556287	0.004768228144001267	2.981954698193333E-4	0.011055754576448702	0.05195957282334981
27	27	0.013584975480485895	0.056106940949846355	0.0016515601911427334	0.0011257600746627289	0.3489058104473454	0.0012688935220226197	0.15622738213517204	0.14450593831553002	5.437831445161547E-4	0.026491292063453045	0.16614416216855096	0.01386786596816678	0.06957563553910517
28	28	7.021410415515056E-4	2.8602612993331865E-4	0.7456157113111123	3.071784125748318E-4	0.16130688218004022	3.4623425239003124E-4	5.62922186375557E-4	3.692702183350835E-4	1.4837836842585353E-4	0.08835533811783583	2.6414795315670705E-4	7.793314242041928E-4	9.564384040646257E-4
29	29	0.007345650847829866	0.00299234478475085	0.004714603542710869	0.0032136354852286826	0.17870184649636559	0.003622229408491296	0.005889172674587955	0.003863226804685292	0.0015523030606764934	0.704313246252981	0.06563248437248707	0.008153200280525191	0.010006055988679867
30	30	0.14223195807488886	3.541245066424818E-4	0.015438221362067931	0.11942254285071482	0.002547850638463811	4.286672474257246E-4	0.030457502719086177	0.03393781491528331	1.8370495215759298E-4	0.26563429800385535	0.0077671768529382805	0.3766919166629068	0.004904221213568854
31	31	0.002091650780526187	1.6139540965233465E-4	2.542873314605438E-4	0.034082431300337133	0.48945225050315533	0.0069771889967862755	3.176390104416387E-4	2.0836738998109046E-4	8.37251742042539E-5	0.202447046793197	0.262944577835407	4.397518313928043E-4	5.39687643458388E-4
32	32	0.0011299194061880817	4.60287115782881E-4	7.252076290783532E-4	4.943263945423292E-4	0.10485308195643352	5.571769455294272E-4	0.015411797943988278	0.034441385500582795	2.38777664345659E-4	0.36460974332189516	0.36307298642650165	0.06411310841287401	0.04989220128225786
33	33	0.5737377569293091	0.0011093179230881873	0.0017477913096233307	0.0011913545057386185	0.2177417676061699	0.001342827880280876	0.002183225954901305	0.024738887954949162	5.75467645322316E-4	0.1678751618557684	0.001024466047392617	0.003022543140016968	0.0037094312474391794
34	34	0.002598250770394586	2.0048554537475678E-4	0.13721211477323916	2.15311907295933E-4	0.09621677009204954	0.012879263375752719	0.2931419129127388	0.04869904175858576	1.0400349829090414E-4	0.29149575528187244	1.8515037930483553E-4	5.462601813536717E-4	0.11650567952374691
35	35	0.007121781131817517	0.0029011485938277384	0.004570918935576388	0.003115695128635516	0.020873148167982962	0.0035118365398661704	0.005709691313232862	0.0037454891793104487	0.00150499429899455	0.012365280853062008	0.002679239351459642	0.9221996700664769	0.009701106439757157
36	36	0.09930997487112667	4.452177685478012E-4	0.15036553805738334	0.019186151761373286	0.5457355119873323	5.389355206108018E-4	0.010230228563311653	5.747924591247421E-4	0.014261967163496767	0.03463662396045527	0.10798221547983237	0.0012130786712537779	0.01551976373615124
37	37	0.12902777456927417	0.0029011485938277384	0.004570918935576388	0.003115695128635516	0.17325563996480375	0.06446483325859448	0.06666268803196118	0.3999399678510445	0.06245799101772287	0.07331827757179032	0.002679239351459642	0.007904719285552197	0.009701106439757157
38	38	0.25347689142933266	0.010802446226890456	0.01701984728189733	0.011601311686714714	0.0777213070541334	0.013076346885590066	0.02126007385990648	0.013946354054039746	0.005603856355808107	0.15952165193853096	0.009976165676135013	0.3698716127249137	0.036122134826107384
39	39	0.10259898176330287	1.4971870824330913E-4	0.13077758790970218	0.0835187423943177	0.25901500696203444	0.003326817379547903	0.03489607222409299	1.9329234044016336E-4	0.023669540898595676	0.003783714433664965	1.3826670430759638E-4	0.25520016604831647	0.10273209223343377
40	40	0.011033513605879819	8.513650868036414E-4	0.001341372449738942	0.04563217743870607	0.03295610222064704	0.1172969914295584	0.001675554244568669	0.0010991435347537666	4.4165252504765716E-4	0.00362868983312877	7.86244057914191E-4	0.7804103268723378	0.0028468667009152247
41	41	0.0040420743354773955	0.001646590657234187	0.0025942940083481343	0.001768359780162963	0.029144266654970285	0.001993195815126394	0.003240621453193535	0.0021258088960163487	8.541822218921764E-4	0.02431549819287173	0.0015206427185403167	0.9212484559350612	0.005506009331105299
42	42	0.007838446321157697	0.003193091321049537	0.005030890735297712	0.0034292276843207814	0.02297361410579472	0.0038652328254569703	0.006284257833929593	0.004122397941624109	0.0016564419501202121	0.01360959968002133	0.0029488513405901565	0.9143706189975758	0.010677329263061404
43	43	0.09375849921394762	6.270444423873665E-4	0.25788434579803965	0.5408145704998795	0.0967306731638106	7.590364690664012E-4	0.0012340733643657943	8.095373601012067E-4	3.252843763387176E-4	0.0026725899714228262	5.790817294683026E-4	0.0017084992844499743	0.0020967643267221113
44	44	0.021612785840262792	0.008804244624852237	0.013871570920153037	0.009455338532927396	0.06334467078063089	0.010657526486322504	0.01732745408527006	0.01136660253960927	0.004567273112292984	0.03752546757411064	0.008130806780792482	0.7638958796918413	0.029440379030934542
45	45	0.007838446321157697	0.003193091321049537	0.038574240639644035	0.0034292276843207814	0.29132041334056535	0.0038652328254569703	0.006284257833929593	0.004122397941624109	0.0016564419501202121	0.4496731484365236	0.0029488513405901565	0.14287357119761024	0.04422067916740773
46	46	0.18998077128800248	0.0029011485938277384	0.004570918935576388	0.003115695128635516	0.3561146301209887	0.0035118365398661704	0.06666268803196118	0.0037454891793104487	0.00150499429899455	0.2257007693686111	0.09410873442955212	0.007904719285552197	0.040177604799121316
47	47	0.00442475833131775	0.0018024818754369695	0.04070996936379527	0.0019357795083991605	0.2401888354747045	0.002181901928799277	0.022482457866773244	0.002327070173074092	9.350520522613113E-4	0.007682541552594279	0.02059963988664638	0.004911197335061741	0.6498183146511359
48	48	0.5117789025883748	0.003422709613417182	0.005392666965157486	0.0036758267714883785	0.3841805161055818	0.004143185464999104	0.0067361649069006884	0.0044188435739727925	0.0017755582965539615	0.014588279186533715	0.0031609060991899802	0.00932580935274568	0.047400631075084514
49	49	0.005100851808691296	0.0020778971970922978	0.003273841148494528	0.0022315624192982227	0.014950029159147355	0.002515291811787672	0.0040894670480753955	0.002682641448971858	0.0010779259780674126	0.008856417241261178	0.0019189585637156574	0.9442768674980451	0.006948248677352083
50	50	0.0013761150610334884	5.605780633199011E-4	0.042105237950870136	0.0300463315329253	0.00403324014505546	6.785790050198076E-4	0.10121387356143759	0.012501445807227764	2.908044045840251E-4	0.04361131327490365	5.17699372588874E-4	0.7376348354455613	0.025429946375472662
51	51	0.01823899539874133	0.007429887955625092	0.011706196510523929	0.00797934506315857	0.13150726614653224	0.008993869554006393	0.014622610785528406	0.00959225770113559	0.0038543144736446363	0.031667682059977276	0.0068615748362556165	0.1763457121363962	0.5712002873784747
52	52	0.10435655534733844	7.506612154692292E-4	0.001182707969971297	8.061743191193349E-4	0.02905788378398096	0.008794352981957736	0.0014773610115194162	9.69131145453824E-4	0.008275090149646178	0.0031994696081841093	6.932430391116682E-4	0.8379272448634607	0.0025101245647870707
53	53	0.002463223543079586	0.017749202685340755	1.653945189558891E-4	0.20081582386709643	0.11875104568920529	0.6110584421005975	0.0013093641602705526	1.3552709855451053E-4	5.44568415283372E-5	4.474263725240985E-4	9.694582423096011E-5	2.860250339465676E-4	0.04666712226466957
54	54	0.01526603115930896	0.0011779534976207409	0.0018559304266449394	0.0012650658370634402	0.008475125315243135	0.0014259111525720442	0.014692680265013056	0.0015207811445632395	6.110729047700649E-4	0.9330987283494167	0.0010878516776870774	0.015583927574051255	0.003938940696045425
55	55	6.152543336250482E-4	2.506317186396324E-4	0.037255209114586595	0.03976237194439178	0.2519268764573558	0.5189808208135746	0.016290545344295394	0.021386617637429377	1.3001723127948473E-4	0.05899161094958549	0.04762330739345912	6.828927632720321E-4	0.006103844298505641
56	56	0.00257654496639685	0.02526083038782701	3.1323715698293106E-4	0.07331107064858511	0.14136001067957052	0.0211256764916094	0.1549403967388854	0.016964685018925372	1.0313465238322511E-4	0.42690170617817236	0.029422626615170946	0.019338211495222662	0.08838186897026824
57	57	0.22402457484042457	6.229410751721155E-4	0.0337013852518909	6.690089840520508E-4	0.54108840975941	7.540693484736588E-4	0.06666581236537841	8.042397626130401E-4	3.2315572140571185E-4	0.03537500796928259	5.75292229357905E-4	0.08022509660187976	0.015171006090659378
58	58	0.22803639917335264	0.08961310596026344	0.0012113652817072084	8.257081257419872E-4	0.1428364713008158	9.306918191687886E-4	0.42150418636800174	9.92613436985964E-4	3.988471177600057E-4	0.04366074630494292	7.100404924010511E-4	0.0505553780069964	0.01872444661186195
59	59	0.006911153377254312	0.0028153466851953413	0.03401088462545242	0.0030235479737733533	0.020255821652619337	0.0034079734428270935	0.0055408263287162205	0.0036347157701060563	0.0014604838648825784	0.01199957580085421	0.0026000004422471507	0.8949254752871353	0.00941419474893646
60	60	0.019716706641309836	0.03914261343097944	0.008712201709496598	0.004768068989903498	0.4076261392789906	0.01571733061082647	1.4638660122399505E-4	0.06338656532394478	3.858544853041447E-5	0.08626713700260058	0.2868295213025186	9.840279786853322E-4	0.0666647156809899
61	61	0.007345650847829866	0.00299234478475085	0.004714603542710869	0.5690348554352849	0.27300538315470835	0.003622229408491296	0.005889172674587955	0.003863226804685292	0.0015523030606764934	0.04418848964458205	0.002763459933591925	0.03958771249997276	0.04144056820812743
62	62	0.031149345291728078	9.169732018413416E-4	0.17483481967032394	0.617482840680839	0.07402690228811695	0.0011099948493350801	0.001804676236218912	0.001183846016202482	4.756872653948385E-4	0.09060336387740163	8.468337994938099E-4	0.002498464149113553	0.0030662526739903954
63	63	0.006020820056393328	0.0024526580243048835	0.029629412792739458	0.0026340376617707568	0.5329486613379228	0.002968939297999051	0.0048270261804232075	0.0031664714141589213	0.0012723361884376687	0.3454002234626883	0.05379528464486367	0.006682723258930852	0.008201405679366922
64	64	0.05406393318914045	0.0015915319393164748	0.0025075459745403997	0.0017092293448691277	0.044888746248780066	0.001926547309829913	0.6551734926963976	0.0020547260729488785	8.256200666298093E-4	0.02350243627602669	0.0014697954492898229	0.00433642497356143	0.2059499704586693
65	65	0.13286097389987475	0.005662147417512505	0.008921024211512554	0.006080876092969741	0.04073794849603563	0.5421805618175126	0.011143556725359044	0.007310039868027844	0.06241801142105619	0.08361394174892207	0.005229049007362169	0.07490830108857649	0.01893356820527837
66	66	0.0013291519273902967	5.414470304211242E-4	0.034980410140226424	5.81488269400044E-4	0.1347170304243564	6.554209149715265E-4	0.06932027206251273	6.990279635888625E-4	2.808800265263853E-4	0.09900185991595975	5.000316749447333E-4	0.19486347998610992	0.46252949966359186
67	67	0.27923021152611976	0.002172751995080576	0.026247999158682554	0.0023334319452675404	0.17540545275822633	0.002630113419431475	0.004276148839295734	0.002805102470177954	0.16090009613864364	0.30598192540214647	0.002006557905571375	0.028744776254837175	0.007265432186519346
68	68	0.0015809326457175965	6.440131249708128E-4	0.21750564980394776	0.08864109663632205	0.05875628063828111	7.795770369148455E-4	0.021563497684363782	8.31444551321494E-4	3.340870176801045E-4	0.6048604291219256	5.947524752607521E-4	0.0017547336182421667	0.002153505645051923
69	69	0.5688148420806142	6.665606827754032E-4	0.07107224732835044	7.158543608147916E-4	0.1658464646325455	8.068708258477424E-4	0.0013118444702495875	0.09889141638776103	3.457837456672038E-4	0.051856447220024096	6.155753673655874E-4	0.015820577509134407	0.023235515388850044
70	70	0.023072317424987245	9.832749127849304E-4	0.0015492036248291284	0.0010559903282415	0.12069653468237497	0.001190252982835279	0.23950860422355366	0.0012694439553901937	5.100818142283516E-4	0.045508036299284606	9.080640837360907E-4	0.41585031714148757	0.1478978785262665
71	71	0.21367749228271335	6.957932001748477E-4	0.0010962603986196743	7.47248689341423E-4	0.45818214808157187	0.12510020970924032	0.0013693763908877235	0.008207585877034199	0.014979531051656877	0.17107931211597546	6.425718856154455E-4	0.0018958180700842711	0.002326652247084539
72	72	0.04942762110148168	5.095651814929331E-4	0.03292067005693618	0.6589626023311188	0.18566720535594827	6.16827978965863E-4	0.0010028648296354315	6.578673279595795E-4	0.010970281769207337	0.039642662134264976	4.7058847288764736E-4	0.006741375528561724	0.012409867931539606
73	73	0.04217298985024568	6.440131249708128E-4	0.0010146780464646552	6.916393598445375E-4	0.3902580811419271	7.795770369148455E-4	0.19069706936989747	8.31444551321494E-4	3.340870176801045E-4	0.3071853429553863	5.947524752607521E-4	0.0017547336182421667	0.06304159145184404
74	74	0.39596767440844577	7.814734579817463E-4	0.05869677758302429	8.392651970229457E-4	0.43250927962492525	9.45972588413657E-4	0.0015380019568985103	0.0010089108799929143	4.0539567727771456E-4	0.0033307976046853993	7.216984490902843E-4	0.10064159542067223	0.002613157151569245
75	75	0.030582722185841606	0.020902295830062045	2.825514773222808E-4	1.9259677843549156E-4	0.15953834195559646	0.04166300677338625	3.52944722570256E-4	2.3152751466928704E-4	9.303126319585415E-5	0.6921577037411082	0.05291497316561156	4.886304358992217E-4	5.996741563014464E-4
76	76	0.002272893238348934	0.30244662110372117	0.0014587938816734316	0.020447314203346126	0.531891254153595	0.001120791186629949	0.0018222293747455682	0.0011953606650351005	4.8031402575066616E-4	0.01367281421437207	8.550705073825961E-4	0.0025227653985194624	0.11981377804687995
77	77	0.0036620144413194626	0.0014917684004000717	0.03369234759347706	0.3306929258754715	0.3554947869990673	0.001805783677777984	0.01860691120727507	0.0019259276872694681	7.73866923879334E-4	0.19441012532992938	0.0013776628367534057	0.019735592921154444	0.036330286106225504
78	78	0.0352206154679494	0.0010368230931981984	0.0016335717238425357	0.872457692773901	0.01835152444807156	0.0012550729844783336	0.023824155216748782	0.0013385766191690717	5.378603659423024E-4	0.015310951716035907	9.575163566970552E-4	0.0028250174837464127	0.025250621750219533
79	79	4.4189808131512063E-4	0.4407901460170513	2.836201043098716E-4	1.93325191244052E-4	0.31709726673874694	2.1790529646101975E-4	0.18378424918995134	2.3240316590597562E-4	9.338311312947655E-5	7.67251026499351E-4	0.003948304856432841	0.0023815090806501883	0.04976873813830256
80	80	6.642211485424509E-4	0.00311300482064037	0.2363476570827813	0.04292697656603843	0.11280136620168309	3.275354938362102E-4	0.057381037837902084	3.4932737730736745E-4	0.00866764256450849	0.10916544427933048	0.054255973389202745	0.20823432938641034	0.16576548385181666
81	81	0.0014807545250716432	6.032042867792154E-4	9.503814807438574E-4	6.478126152822819E-4	0.24513251176078263	7.301779922000584E-4	0.6982183211120638	7.787588453248935E-4	3.129171027858411E-4	0.0025709784165019013	5.570651105380719E-4	0.007980189316905527	0.04003692743502021
82	82	0.01606101098887962	0.014258066107091193	0.0019525781564230559	0.0013309442446894524	0.16514171517296672	0.3399882007796759	0.002439032215462191	0.1317876817888163	6.428945765994932E-4	0.07037598056963769	0.17038851923658704	0.05545177363787435	0.030181602525296954
83	83	0.10131119150151296	0.22727837550445434	0.015438221362067931	3.8031281907580544E-4	0.12531015035859153	4.286672474257246E-4	0.0044170148996651405	4.5718771888484067E-4	1.8370495215759298E-4	0.12799171952977276	3.270374759608417E-4	9.648781255461935E-4	0.39551153850488435
84	84	0.005725769816474469	0.002332465536947345	0.0036749275483836234	0.02700745276816338	0.041284090416561656	0.0028234464508496058	0.004590477800088181	0.003011298507197231	0.0012099853634437623	0.009941438885896145	0.002154054937347284	0.0063552364577325405	0.8898893555109146
85	85	0.4376784672565614	0.005060180939043621	0.061129675789745555	0.005434392824736724	0.03640692749146794	0.006125342341262668	0.11627300443776256	0.006532879078604765	0.0026250097914128855	0.2873529265913667	0.004673127025011899	0.013787404734228782	0.016920661698794484
86	86	0.04020548990077139	0.0163782203259047	0.02580478558664447	0.01758942695789765	0.11783781786214086	0.019825814065801754	0.03223364102065866	0.19319770558848476	0.008496334269332098	0.06980728068669396	0.35923109364504363	0.04462550947877755	0.05476688061184842
87	87	0.0017863864294268808	0.008372256105568743	0.0011465428950131417	7.81522963568735E-4	0.08932573618787361	8.80888786255265E-4	0.5212615013279477	9.394968642876363E-4	0.13797938166662616	0.20185990323619582	6.720449182650646E-4	0.017271871622371093	0.017722466996600118
88	88	4.469694791278524E-4	1.8207873169008137E-4	0.01176327203674474	1.9554386788800393E-4	0.13902678176227234	2.2040606415063332E-4	3.583454342418435E-4	0.47650554563105957	9.445481480842815E-5	0.002688789136461662	1.681515052506455E-4	0.03301256554569989	0.3353370959906043
89	89	0.05317490169253607	0.0015653606650779884	0.2820156258261808	0.0016811226453955059	0.2908117517632616	0.001894867016941395	0.003080754364146472	0.0020209379985711763	8.120435064321885E-4	0.0724481923026778	0.0014456260193037908	0.2673703532957141	0.021678462903761034
90	90	0.01198493418739466	0.2746176845306622	0.007968438837307247	3.7890327249692047E-4	0.38428545986184287	0.10420297619192795	6.943621356427825E-4	4.554932522438571E-4	1.8302408978890605E-4	0.0015037560438785802	0.21158390285623022	9.613020150584913E-4	0.0011797627255253
91	91	0.018075444933910507	0.0016181638385052981	0.10512515151465367	0.0016285651542358357	0.28026223829661456	0.04154067004132702	0.08892769686065605	0.10656264910260108	7.296282314942282E-5	0.006509533788036117	0.01195000921867568	0.05061872787587492	0.28710818655175985
92	92	6.856594459651713E-4	2.7931214125909376E-4	0.7691919654820115	0.0032341354430051963	0.14871796824513123	3.3810697797032236E-4	5.497085223488596E-4	3.6060221284828307E-4	1.4489543249498807E-4	0.07454467306613649	2.5794751837046126E-4	7.610379125002295E-4	9.339875999580894E-4
93	93	2.172136451719623E-4	8.848475537046071E-5	0.6061931634970193	0.13208832998179582	0.19490846022319835	1.0711067947095796E-4	0.0011036753332045839	0.0029028279410853895	4.59021825575536E-5	0.04592412423368407	8.171654464621154E-5	0.003959214355375624	0.012379776627419752
94	94	0.02381543715032226	0.009701522796224661	0.015285281956096306	0.010418972465199546	0.0698003967158001	0.011743680527295795	0.019093368934146912	0.012525021549534148	0.005032743421328777	0.3470926608059555	0.008959452025321273	0.02643360443849601	0.4400978572142787
95	95	0.002208451881456229	8.996411082894159E-4	0.0014174339728243472	9.661716137467257E-4	0.17658548649857028	0.001089014372989426	0.14353119840842468	0.388640533486602	4.6669610167410247E-4	0.07944012297325112	8.308274400862653E-4	0.09695832837560009	0.10696609376648536
96	96	0.04856045289760513	0.01978172131829775	0.0311671883144746	0.02124462458716283	0.1423252848795974	0.02394574752042934	0.03893200183271429	0.025538927341898995	0.010261927938360818	0.08431368885349819	0.22607513620415262	0.26170550275293814	0.06614779555886978
97	97	0.01913509393588797	1.7799328840943125E-4	0.03206729908544416	1.91156296787744E-4	0.4425570456093804	0.017043798755767534	0.024657904456628778	0.011448687936743014	9.233545806147447E-5	0.028805873512221337	0.3367311408642805	0.0023547911872942792	0.08473687961309334
98	98	0.49781248023624175	0.0012078461784027614	0.12878698750818623	0.0012971691495557915	0.09750896847165148	0.0014620962031648328	0.0023771374024826133	0.001559373691200748	6.265799747127485E-4	0.0051480841950057666	0.0011154578633344459	0.25705892075164855	0.004038898374412203
99	99	0.019783080667356668	0.008058890830450914	0.35133106644564394	0.008654864130731334	0.14264046882208917	0.009755276702952087	0.01586053850078998	0.010404323469303261	0.004180614802651588	0.3729824606278236	0.007442465197404299	0.02195794793246899	0.02694800187033418
100	100	0.003720315476417169	0.12887937429291965	0.0023877819526775174	0.001627594079671206	0.01090383075997139	0.017755014651929683	0.17810796247837865	0.0019565893844010296	0.3987982379474318	0.038300407960581304	0.0013995958931859811	0.03597027510112297	0.1801930200213116
101	101	0.010748557693110977	0.15444328022498033	0.06809024641491648	0.005303985428150998	0.21021335548713319	5.544957890336193E-4	9.015225378314756E-4	0.015027501249839509	2.3762865721076062E-4	0.0019523961566566001	4.230341934576919E-4	0.0012481029534189443	0.5308558932142594
102	102	0.0011522044478489602	0.00540003582901253	0.050046216834885734	0.039949440769870136	0.07240637168127259	0.1041122489181391	0.04529978364068409	0.030189991393912208	2.4348700039961867E-4	0.5936810032606668	4.3346340479519E-4	0.0012788728762135272	0.05580687994229957
103	103	0.21623225620647885	3.795389080139696E-4	5.979843931882548E-4	0.3393066341897612	0.3575779189071483	0.008433526111803962	7.469627756164224E-4	0.004477046025194896	1.968888784334904E-4	0.025539955724540323	3.505079263862855E-4	0.001034124392035049	0.045126655561399005
104	104	0.0014807545250716432	6.032042867792154E-4	9.503814807438574E-4	6.478126152822819E-4	0.23879586478740814	7.301779922000584E-4	0.6918816741386894	7.787588453248935E-4	3.129171027858411E-4	0.040590860256748816	5.570651105380719E-4	0.007980189316905527	0.014690339541522265
105	105	0.019783080667356668	0.008058890830450914	0.7746233681482633	0.008654864130731334	0.05798200848156531	0.009755276702952087	0.01586053850078998	0.010404323469303261	0.004180614802651588	0.03434861926572818	0.007442465197404299	0.02195794793246899	0.02694800187033418
106	106	5.071070136792132E-4	0.436392974654676	0.004665635825787198	2.2185332895985896E-4	0.20113377985070324	0.28670082953169446	4.0655904152234646E-4	2.666978663528797E-4	1.0716324335743749E-4	8.804708443912482E-4	1.9077545929915333E-4	5.628561895787799E-4	0.06796329714999813
107	107	0.002517784966949474	0.0010256518953934695	0.0016159708881985633	0.0011015011850657945	0.018153796879142366	0.0012415502642949604	0.09898860785471411	0.0013241541933110626	5.320652167228429E-4	0.015145984643716085	0.02249609815655937	0.25060691235569976	0.5852499215002321
108	108	0.12648808457359367	0.001071846101097967	0.001688752396190889	0.0011511115573131512	0.007711705125718611	0.0012974682892690306	0.013369196737003685	0.0013837926061731752	5.560288345739794E-4	0.0045684244162926945	9.898604500575877E-4	0.8023604441884462	0.037363284724269294
109	109	0.01823899539874133	0.08548068775664788	0.011706196510523929	0.00797934506315857	0.7559136645547148	0.008993869554006393	0.014622610785528406	0.00959225770113559	0.0038543144736446363	0.031667682059977276	0.0068615748362556165	0.02024411253435057	0.02484468877131514
110	110	0.16757023898168952	0.010064986218675319	0.0013783546862298766	9.39533831587592E-4	0.015484419418672445	0.0010589897611884603	0.0017217500221381932	0.010319596028907585	0.11992576110108417	0.058869626130762964	8.079211571382236E-4	0.608933466576789	0.0029253560851365155
111	111	0.03430347943293012	0.013973960906440557	0.16881287645629908	0.01500736708783872	0.24733581542817598	0.016915461215018763	0.02750186714624269	0.0180408957605734	0.007249105248627777	0.05955984178317007	0.012905090775407984	0.18487079084908598	0.19352344791018877
112	112	0.14236119602157238	0.6513241599787345	0.002951689856393357	0.002011973048839023	0.013478921981945365	0.021948108197002592	0.003687056841291701	0.08113996592545772	9.718563091760187E-4	0.007984931384663838	0.0017301299209228078	0.00510450525630667	0.06530550527769403
113	113	0.537760715330785	5.264743923829987E-4	0.0063600905393827	5.654083707359562E-4	0.18629771177081086	6.372965564080432E-4	0.001036143502343901	6.796977390437143E-4	2.7311284943789394E-4	0.10732536332149531	0.017078007959379044	0.13969950799410058	0.0017604696736940755
114	114	0.07338024724994431	0.005662147417512505	0.12788247751137347	0.006080876092969741	0.6355452149953403	0.006854021968138448	0.011143556725359044	0.007310039868027844	0.002937284771125727	0.024133215098991617	0.005229049007362169	0.07490830108857649	0.01893356820527837
115	115	0.0022509989530180275	0.010549755314744691	0.011077523750966985	9.847854550245146E-4	0.14145637707844042	0.010742776962238432	0.09813249736525242	0.001183846016202482	4.756872653948385E-4	0.10023614599030498	0.01047961591239716	0.5130359161329912	0.0993940738030239
116	116	0.002401035160772686	0.1013895663990115	0.004184372994896976	1.989690394172591E-4	0.2523974736318288	0.420611352190786	0.019826987326792854	0.037217681467718214	0.015666001351772273	0.01830577836693398	1.7109686863435325E-4	5.04797272574673E-4	0.12712488792886048
117	117	0.005869589408062756	0.002391052286270088	0.0037672341894232917	0.0025678760393363274	0.04232106207506603	0.002894365633500685	0.029823729722822895	0.0030869361481323304	0.8803685765291543	0.010191147436221673	0.0022081603784107127	0.006514866960022077	0.007995403193576693
118	118	0.006020820056393328	0.0024526580243048835	0.003864297412976371	0.0026340376617707568	0.017646353742661134	0.002968939297999051	0.0048270261804232075	0.0031664714141589213	0.8772862591003827	0.0104537235257681	0.002265053885337486	0.05821295401845703	0.008201405679366922
119	119	0.10444154100788053	0.008058890830450914	0.012697225083548497	0.008654864130731334	0.14264046882208917	0.009755276702952087	0.01586053850078998	0.43369662517192253	0.004180614802651588	0.2036655399467759	0.007442465197404299	0.02195794793246899	0.02694800187033418
120	120	0.5927720132395311	1.9922677325518096E-4	3.1389272244907357E-4	0.13206493444768716	0.177234693536336	2.4116374580940202E-4	0.008763584582920505	2.5720906714112415E-4	1.033505000722933E-4	0.07619255866181271	1.8398789083235158E-4	5.42830422439945E-4	0.011130554409713193
121	121	0.00488748136485577	0.0019909780189203818	0.003136895209835606	0.0021382153702737762	0.01432466412666276	0.0024100762614471306	0.02483358087203935	0.0025704256038372466	0.04286319131904367	0.6986868137278064	0.1691601093158551	0.02633996784342751	0.006657600965995302
122	122	6.201526972000237E-4	0.029444890328778377	3.980279166283416E-4	2.7130948029895167E-4	0.1504327566653591	3.058048066927604E-4	0.2818044538509576	0.0905567825910616	1.3105236688928397E-4	0.2452302218439499	0.0028871457558786963	6.883296319853611E-4	0.19722907206432005
123	123	0.004510158314717352	0.0018372706504873253	0.0028947208095297973	0.0019731409924631602	0.013218772245550642	0.0022240136950352255	0.0036158948547011416	0.0023719837568835496	9.530990107077624E-4	0.00783081833336547	0.0016967375737113929	0.9507297685167864	0.006143621246060767
124	124	0.004598919697005871	0.0018734287343495327	0.002951689856393357	0.002011973048839023	0.013478921981945365	0.0022677830077788056	0.003687056841291701	0.002418665168562575	9.718563091760187E-4	0.007984931384663838	0.0017301299209228078	0.9497601143390484	0.006264529710022668
125	125	0.10548695236072123	4.962822603563203E-4	0.02163565426773313	0.38111363464839804	0.2642423243887191	0.005814182598376481	9.767229837508637E-4	6.407185898726495E-4	2.574504367399321E-4	0.06988989167220844	0.0369523566094388	0.05348654916192791	0.05900728002175709
126	126	0.002631183164920274	0.001071846101097967	0.1255456538048643	0.19256632282526293	0.2329060713233066	0.15893352462758062	0.0021094784271242866	0.0013837926061731752	5.560288345739794E-4	0.19598363568424249	9.898604500575877E-4	0.059219035736405815	0.026103566414389892
127	127	0.008020698846732103	6.188910635171533E-4	0.0854937674249961	0.02016896805698322	0.44655045122281756	0.13077789076242588	0.0012180268658831602	7.99011049109011E-4	3.210547451011725E-4	0.009139274822446357	5.715520036338829E-4	0.09920782684705001	0.19711258628930442
128	128	0.007121781131817517	0.0029011485938277384	0.004570918935576388	0.003115695128635516	0.020873148167982962	0.0035118365398661704	0.06666268803196118	0.0037454891793104487	0.00150499429899455	0.012365280853062008	0.002679239351459642	0.8002936766290203	0.07065410315848548
129	129	0.02651799976044585	0.010802446226890456	0.01701984728189733	0.011601311686714714	0.0777213070541334	0.013076346885590066	0.02126007385990648	0.4678641373918134	0.005603856355808107	0.2730010977729744	0.009976165676135013	0.02943327522158342	0.036122134826107384
130	130	0.11080193401623796	3.735809679325099E-4	5.885973313902782E-4	4.0120812991606967E-4	0.8111264640830704	0.0122255973506831	0.039979830683959966	4.823067236074922E-4	1.9379814882542252E-4	0.0015922774861212522	3.450057099352404E-4	0.020640187679718324	0.0012492116886019715
131	131	7.820333549441207E-4	3.1857128519246076E-4	5.019265551978782E-4	0.0036887142818791074	0.5745579040732945	3.856301198329587E-4	6.26973641949491E-4	0.3384162637142013	0.0035118453567744208	0.014744150818804903	2.942037251551388E-4	0.010907758534235448	0.051264024538538185
132	132	0.05342179470297129	0.002276681165563827	0.02750351878797452	0.0024450469142100867	0.2316285808295561	0.002755919542991492	0.004480689717747184	0.0029392788389058086	0.001181046769576559	0.17711905269795805	0.09776846784110375	0.3171175150994108	0.07936240709203052
133	133	0.13247198586865017	2.9858639649304016E-4	0.02242694121631711	0.3453514124805517	0.0774277009875377	0.07877751683418131	0.006860928062199381	0.01293205852618801	0.006428180379954668	0.0044092786221305545	2.757474832542773E-4	0.27056486388933626	0.04177479925320587
134	134	0.021612785840262792	0.008804244624852237	0.013871570920153037	0.10194372311123284	0.3408098245155472	0.10314591106462796	0.01732745408527006	0.01136660253960927	0.1895440422689039	0.03752546757411064	0.008130806780792482	0.11647718764370305	0.029440379030934542
135	135	0.0087154861229872	0.04084686308862599	0.005593794559950008	0.0038129222387590575	0.17473011375690203	0.04159421016664765	0.49184187936153795	0.004583650966222276	0.0018417804037056085	0.01513237091775073	0.0032787968284344717	0.009673629386270888	0.19835450220220613
136	136	0.09942598086746196	0.0011495046955013397	0.07426422798085805	0.03746107328349904	0.044497002326327806	0.001391473915192721	0.002262316721173123	0.20676789327708617	5.963148585624307E-4	0.16188118146234368	0.35125165991573243	0.00313203948074015	0.015919331215521117
137	137	0.0030031431727884656	0.0012233687656974003	0.001927484675626716	0.014165300037341882	0.11161356148553915	0.0014808862745767397	0.477911720774704	0.0015794139203950286	6.346324424263219E-4	0.3393522142115752	0.02683271386559447	0.0033332958870581127	0.016942264486676444
138	138	0.06574769019731477	0.0010040164468761016	0.0015818830508785016	0.0010782657459384008	0.1443368870169372	0.011762529955673989	0.0019759842695640244	0.0012962220362048272	5.20841652806088E-4	0.2996000631900628	0.41226682465088943	0.023829968416545846	0.03499882337030794
139	139	0.0028563120484119027	0.0011635552299918317	0.0018332451652679467	0.001249602784806267	0.008371532836657277	0.001408482068630066	0.5889997567179573	0.0015021924532705464	6.036036869771508E-4	0.004959307233524095	0.001074554735466919	0.10095528734806937	0.28502256769096923
140	140	0.013119182114774293	0.00534426655916259	0.00842018546172214	0.00573948722238433	0.09459225885387905	0.006469227609086208	0.010517941898381561	0.006899644027638078	0.002772381504676728	0.07891973836400847	0.0049354828982084275	0.18298563580429822	0.5792845676817799
141	141	0.21075608432602552	0.002172751995080576	0.0034232900919844724	0.0023334319452675404	0.12975603462483015	0.002630113419431475	0.027100857905993817	0.002805102470177954	0.20654951427203985	0.3744560526022407	0.002006557905571375	0.028744776254837175	0.007265432186519346
142	142	0.071022218786966	3.5150922898652816E-4	0.052250169701902244	3.775041356908799E-4	0.01729941930167346	4.2550145727846575E-4	0.004384394394287999	0.12600208406030303	1.823482557198883E-4	0.34860225150080176	0.20341741641302283	0.17450977642526683	0.0011754063381000882
143	143	0.03514457011940001	0.0385846639316974	1.8030724732315414E-4	1.2290360429933775E-4	0.34825758052009664	1.3853003924960055E-4	0.3079870156384607	1.4774684331936573E-4	5.936692011242788E-5	0.07622602082403125	1.0568690435999694E-4	0.03277106540753863	0.16027454200011154
144	144	0.006180049751287938	0.00251752227622289	0.0039664946041043266	0.002703698772598891	0.018113038263395585	0.003047457389247936	0.03140119702458746	0.9024316499083425	0.0013059850437747704	0.010730188059158884	0.0023249566619865177	0.006859457985366456	0.008418304259925864
